SGTE                                                                                                                    
0ZERO                         1                                                                                         
  0.60000000E+04  0.00000000E+00  0.00000000E+00  0.00000000E+00  0.00000000E+00  0.00000000E+00  0.00000000E+00    0.0
 0.00000000E+00  0.0 0.00000000E+00  0.0 0.00000000E+00  0.0 0.00000000E+00  0.0 0.00000000E+00  0.0 0.00000000E+00  0.0
GCRFCC                        2                                                                                         
  0.21800000E+04 -0.37594168E+03  0.37677581E+02 -0.64311664E+01  0.45276052E-03 -0.35306166E-06  0.33281549E+05    0.0
 0.00000000E+00  7.0 0.00000000E+00 -9.0 0.00000000E+00  0.0 0.00000000E+00  0.0 0.00000000E+00  0.0 0.00000000E+00  0.0
  0.60000000E+04 -0.65930555E+04  0.82299952E+02 -0.11950287E+02  0.00000000E+00  0.00000000E+00  0.00000000E+00    0.0
-0.68959369E+32 -9.0 0.00000000E+00  7.0 0.00000000E+00  0.0 0.00000000E+00  0.0 0.00000000E+00  0.0 0.00000000E+00  0.0
GFEFCC                        2                                                                                         
  0.18110000E+04 -0.56572658E+02  0.31648184E+02 -0.58949092E+01 -0.89806883E-03 -0.14083891E-07  0.18489245E+05    0.0
 0.00000000E+00  7.0 0.00000000E+00 -9.0 0.00000000E+00  0.0 0.00000000E+00  0.0 0.00000000E+00  0.0 0.00000000E+00  0.0
  0.60000000E+04 -0.64766410E+04  0.71762084E+02 -0.10994264E+02  0.00000000E+00  0.00000000E+00  0.00000000E+00    0.0
 0.66647706E+31 -9.0 0.00000000E+00  7.0 0.00000000E+00  0.0 0.00000000E+00  0.0 0.00000000E+00  0.0 0.00000000E+00  0.0
GHSERCR                       2                                                                                         
  0.21800000E+04 -0.21168595E+04  0.37638623E+02 -0.64311664E+01  0.45276052E-03 -0.35306166E-06  0.33281549E+05    0.0
 0.00000000E+00  7.0 0.00000000E+00 -9.0 0.00000000E+00  0.0 0.00000000E+00  0.0 0.00000000E+00  0.0 0.00000000E+00  0.0
  0.60000000E+04 -0.83339732E+04  0.82260994E+02 -0.11950287E+02  0.00000000E+00  0.00000000E+00  0.00000000E+00    0.0
-0.68959369E+32 -9.0 0.00000000E+00  7.0 0.00000000E+00  0.0 0.00000000E+00  0.0 0.00000000E+00  0.0 0.00000000E+00  0.0
GHSERFE                       2                                                                                         
  0.18110000E+04  0.29294933E+03  0.29668738E+02 -0.56200526E+01 -0.10510325E-02 -0.14083891E-07  0.18489245E+05    0.0
 0.00000000E+00  7.0 0.00000000E+00 -9.0 0.00000000E+00  0.0 0.00000000E+00  0.0 0.00000000E+00  0.0 0.00000000E+00  0.0
  0.60000000E+04 -0.60668215E+04  0.71537416E+02 -0.10994264E+02  0.00000000E+00  0.00000000E+00  0.00000000E+00    0.0
 0.54876434E+31 -9.0 0.00000000E+00  7.0 0.00000000E+00  0.0 0.00000000E+00  0.0 0.00000000E+00  0.0 0.00000000E+00  0.0
GFELIQ                        2                                                                                         
  0.18110000E+04  0.31706190E+04  0.28101236E+02 -0.56200526E+01 -0.10510325E-02 -0.14083891E-07  0.18489245E+05    0.0
-0.87838315E-21  7.0 0.00000000E+00 -9.0 0.00000000E+00  0.0 0.00000000E+00  0.0 0.00000000E+00  0.0 0.00000000E+00  0.0
  0.60000000E+04 -0.25907505E+04  0.69622849E+02 -0.10994264E+02  0.00000000E+00  0.00000000E+00  0.00000000E+00    0.0
 0.00000000E+00  7.0 0.00000000E+00 -9.0 0.00000000E+00  0.0 0.00000000E+00  0.0 0.00000000E+00  0.0 0.00000000E+00  0.0
LIQU015                       2                                                                                         
  0.21800000E+04  0.37005294E+04  0.34909124E+02 -0.64311664E+01  0.45276052E-03 -0.35306166E-06  0.33281549E+05    0.0
 0.56791348E-21  7.0 0.00000000E+00 -9.0 0.00000000E+00  0.0 0.00000000E+00  0.0 0.00000000E+00  0.0 0.00000000E+00  0.0
  0.60000000E+04 -0.39340306E+04  0.80214225E+02 -0.11950287E+02  0.00000000E+00  0.00000000E+00  0.00000000E+00    0.0
 0.00000000E+00  7.0 0.00000000E+00 -9.0 0.00000000E+00  0.0 0.00000000E+00  0.0 0.00000000E+00  0.0 0.00000000E+00  0.0
SIGM034                       1                                                                                         
  0.60000000E+04  0.22060229E+05 -0.22934990E+02  0.00000000E+00  0.00000000E+00  0.00000000E+00  0.00000000E+00    0.0
 0.00000000E+00  7.0 0.00000000E+00 -9.0 0.00000000E+00  0.0 0.00000000E+00  0.0 0.00000000E+00  0.0 0.00000000E+00  0.0
SIGM035                       1                                                                                         
  0.60000000E+04  0.28035373E+05 -0.22934990E+02  0.00000000E+00  0.00000000E+00  0.00000000E+00  0.00000000E+00    0.0
 0.00000000E+00  7.0 0.00000000E+00 -9.0 0.00000000E+00  0.0 0.00000000E+00  0.0 0.00000000E+00  0.0 0.00000000E+00  0.0
ENDF SGTE                                                                                                               
                                                                                                                        
FILE    2AkCl                  1  3  1  7  0  0  0 0.00000000E+00 0.00000000E+00   0.000  0   0
LiqLiKCsCl - liquid LiCl-KCl-CsCl                                                                                                             

 1LiCl                        117 3 0 0 0 0 0 0 1 1 0 0 0 0 0 0 0.10E+01  0  0  0 0.000E+00
 2KCl                         11917 0 0 0 0 0 0 1 1 0 0 0 0 0 0 0.10E+01  0  0  0 0.000E+00
 3CsCl                        15517 0 0 0 0 0 0 1 1 0 0 0 0 0 0 0.10E+01  0  0  0 0.000E+00
 1 1 2 3 0 0 0 0 0 0 0 0 0 0 0 0 0 0 0 0 0 0 0 0 0 0 0 0 0 0 0 0 0 0 0 0 0 0 0 0 0 0 0 0 0 0 0 0 0 0 0 0 0 0 0 0 0 0 0 0
 1Lithium Chloride                                                                                                      
L1  1.000  1.000001  42.394  FACTBASE 0 0  0.00000  0.00000
  0.00000000E+00  0.00000000E+00  0.00000000E+00  0.00000000E+00  0.00000000E+00  0.00000000E+00  0.00000000E+00    0.0
  0.00000000E+00  0.00000000E+00    0.0000    0.0000    0.0000    0.0000
 -0.94592809E+02  0.15840679E+02  0.17539000E+02 -0.22640000E+01  0.00000000E+00  0.00000000E+00  0.20000000E+04    2.1
 0.00000000E+00  0.0 0.00000000E+00  0.0 0.00000000E+00  0.0 0.00000000E+00 0.00000000E+00 0.00000000E+00 0.00000000E+00
 2Potassium Chloride                                                                                                    
S1  1.000  1.000001  74.551  FACTBASE 0 0  0.00000  0.00000
  0.62820268E+04 -0.60172084E+01  0.00000000E+00  0.00000000E+00  0.00000000E+00  0.00000000E+00  0.00000000E+00    0.0
  0.00000000E+00  0.00000000E+00    0.0000    0.0000    0.0000    0.0000
 -0.10437000E+03  0.19730000E+02  0.95640000E+01  0.60870000E+01  0.87200000E+00  0.00000000E+00  0.25000000E+04    2.0
 0.00000000E+00  0.0 0.00000000E+00  0.0 0.00000000E+00  0.0 0.00000000E+00 0.00000000E+00 0.00000000E+00 0.00000000E+00
 3Cesium Chloride                                                                                                       
L1  1.000  1.000001 168.358  FACTBASE 0 0  0.00000  0.00000
  0.00000000E+00  0.00000000E+00  0.00000000E+00  0.00000000E+00  0.00000000E+00  0.00000000E+00  0.00000000E+00    0.0
  0.00000000E+00  0.00000000E+00    0.0000    0.0000    0.0000    0.0000
 -0.10383891E+03  0.24311341E+02  0.18500000E+02  0.00000000E+00  0.00000000E+00  0.00000000E+00  0.20000000E+04    4.0
 0.00000000E+00  0.0 0.00000000E+00  0.0 0.00000000E+00  0.0 0.00000000E+00 0.00000000E+00 0.00000000E+00 0.00000000E+00
 1 1 2 0 0 1 1 0 0-0.41993308E+04 0.17368547E+01 0.00000000E+00 0.00000000E+00 0.00000000E+00 0.00000000E+00
 2 1 2 0 0 2 1 0 0-0.90105163E+02-0.11849904E+01 0.00000000E+00 0.00000000E+00 0.00000000E+00 0.00000000E+00
 3 1 3 0 0 1 1 0 0-0.46500000E+04 0.49094168E+01 0.00000000E+00 0.00000000E+00 0.00000000E+00 0.00000000E+00
 4 1 3 0 0 2 1 0 0-0.17800000E+04-0.78513384E+00 0.00000000E+00 0.00000000E+00 0.00000000E+00 0.00000000E+00
 5 1 3 0 0 2 2 0 0-0.21700000E+04 0.00000000E+00 0.00000000E+00 0.00000000E+00 0.00000000E+00 0.00000000E+00
 6 2 3 0 0 1 1 0 0 0.19000956E+03 0.00000000E+00 0.00000000E+00 0.00000000E+00 0.00000000E+00 0.00000000E+00
 7 1 2 3 0 1 1 1 0-0.47801147E+04 0.00000000E+00 0.00000000E+00 0.00000000E+00 0.00000000E+00 0.00000000E+00
ENDF                                                                                                                    

FILE    3Iron                  2  4  0  7431463  0 0.00000000E+00 0.00000000E+00   0.000  0   0
Fe-liq - liquid steel with solutes C, Mn, O                                                                                     

 1Fe                        X1226 0 0 0 0 0 0 0 1 0 0 0 0 0 0 0 0.10E+01  0  0  0 0.000E+00
 2C                           2 6 0 0 0 0 0 0 0 1 0 0 0 0 0 0 0 0.10E+00  0  0  0 0.000E+00
 3Mn                          325 0 0 0 0 0 0 0 1 0 0 0 0 0 0 0 0.10E+00  0  0  0 0.000E+00
 4O                           2 8 0 0 0 0 0 0 0 1 0 0 0 0 0 0 0 0.10E+00  0  0  0 0.000E+00
 1NEW DINSDALE VALUES                                                                                                   
L1  1.000  1.000001  55.847  FACTBASE 0 0  0.00000  0.00000
  0.00000000E+00  0.00000000E+00  0.00000000E+00  0.00000000E+00  0.00000000E+00  0.00000000E+00  0.00000000E+00    0.0
  0.00000000E+00  0.00000000E+00    3.0000    4.0000    0.0000    0.0000
  0.50644409E+01  0.10378093E+02  0.56200526E+01  0.21020650E+01 -0.36978250E+00  0.84503203E-01  0.18110000E+04    7.9
 0.36892092E-19  6.0 0.00000000E+00  0.0 0.00000000E+00  0.0 0.00000000E+00 0.00000000E+00 0.00000000E+00 0.00000000E+00
  0.68739510E+00  0.40122972E+01  0.10994264E+02  0.00000000E+00  0.00000000E+00  0.00000000E+00  0.60000000E+04    7.9
 0.00000000E+00  0.0 0.00000000E+00  0.0 0.00000000E+00  0.0 0.00000000E+00 0.00000000E+00 0.00000000E+00 0.00000000E+00
 2FACT DATABASE                                                                                                         
S1  1.000  1.000001  12.011  FACTBASE 0 0  0.00000  0.00000
  0.00000000E+00  0.00000000E+00  0.00000000E+00  0.00000000E+00  0.00000000E+00  0.00000000E+00  0.00000000E+00    0.0
  0.00000000E+00  0.00000000E+00    3.0000    4.0000    0.0000    0.0000
  0.00000000E+00  0.13718929E+01  0.14622155E+02 -0.19162741E+01  0.19731596E+01  0.00000000E+00  0.10000000E+04    2.3
-0.24474521E+03 -0.5-0.15785793E+07 -3.0 0.00000000E+00  0.0 0.00000000E+00 0.00000000E+00 0.00000000E+00 0.00000000E+00
  0.45282259E+00  0.25477325E+01  0.59221020E+01  0.22914048E+00 -0.68915113E+01  0.00000000E+00  0.60000000E+04    2.3
-0.94866999E+01 -0.5 0.00000000E+00  0.0 0.00000000E+00  0.0 0.00000000E+00 0.00000000E+00 0.00000000E+00 0.00000000E+00
 3FACT DATABASE                                                                                                         
L1  1.000  1.000001  54.938  FACTBASE 0 0  0.00000  0.00000
  0.00000000E+00  0.00000000E+00  0.00000000E+00  0.00000000E+00  0.00000000E+00  0.00000000E+00  0.00000000E+00    0.0
  0.00000000E+00  0.00000000E+00    3.0000    4.0000    0.0000    0.0000
  0.39161767E+01  0.10418144E+02  0.57002733E+01  0.33796867E+01 -0.37536234E+00  0.00000000E+00  0.98000000E+03    7.2
 0.00000000E+00  0.0 0.00000000E+00  0.0 0.00000000E+00  0.0 0.00000000E+00 0.00000000E+00 0.00000000E+00 0.00000000E+00
  0.34057609E+01  0.93786489E+01  0.81831904E+01  0.90417513E+00 -0.82037661E+00  0.00000000E+00  0.11250000E+04    7.2
 0.00000000E+00  0.0 0.00000000E+00  0.0 0.00000000E+00  0.0 0.00000000E+00 0.00000000E+00 0.00000000E+00 0.00000000E+00
  0.14064343E+01  0.59566792E+01  0.11000000E+02  0.00000000E+00  0.00000000E+00  0.00000000E+00  0.30000000E+04    7.2
 0.00000000E+00  0.0 0.00000000E+00  0.0 0.00000000E+00  0.0 0.00000000E+00 0.00000000E+00 0.00000000E+00 0.00000000E+00
 4FACT DATABASE (divided by 2 so get O and not O2)                                                                      
G1  1.000  1.000001  15.999  FACTBASE 0 0  0.00000  0.00000
  0.00000000E+00  0.00000000E+00  0.00000000E+00  0.00000000E+00  0.00000000E+00  0.00000000E+00  0.00000000E+00    0.0
  0.00000000E+00  0.00000000E+00    3.0000    4.0000    0.0000    0.0000
  0.59553776E+02  0.38467628E+02  0.47717419E+01  0.63073357E-01  0.14018852E+00 -0.88321204E-02  0.22000000E+04    0.0
 0.50077591E+01 -0.5 0.00000000E+00  0.0 0.00000000E+00  0.0 0.00000000E+00 0.00000000E+00 0.00000000E+00 0.00000000E+00
  0.64268335E+02  0.49721266E+02  0.90943282E+01  0.00000000E+00 -0.57938524E+02  0.00000000E+00  0.60000000E+04    0.0
 0.16924339E+05 -1.0-0.49778044E+03 -0.5 0.00000000E+00  0.0 0.00000000E+00 0.00000000E+00 0.00000000E+00 0.00000000E+00
 1 2 0 0 0 0 0 0 0 0.20730000E+04-0.17270000E+01 0.00000000E+00 0.00000000E+00 0.00000000E+00 0.00000000E+00
 2 3 0 0 0 0 0 0 0 0.67200000E+03 0.00000000E+00 0.00000000E+00 0.00000000E+00 0.00000000E+00 0.00000000E+00
 3 4 0 0 0 0 0 0 0-0.14086000E+05 0.29480000E+01 0.00000000E+00 0.00000000E+00 0.00000000E+00 0.00000000E+00
 4 2 2 0 0 0 0 0 0 0.23974000E+05 0.00000000E+00 0.00000000E+00 0.00000000E+00 0.00000000E+00 0.00000000E+00
 5 2 3 0 0 0 0 0 0-0.35020000E+04 0.00000000E+00 0.00000000E+00 0.00000000E+00 0.00000000E+00 0.00000000E+00
 6 2 4 0 0 0 0 0 0-0.38209000E+05 0.00000000E+00 0.00000000E+00 0.00000000E+00 0.00000000E+00 0.00000000E+00
 7 3 4 0 0 0 0 0 0-0.88030000E+04 0.00000000E+00 0.00000000E+00 0.00000000E+00 0.00000000E+00 0.00000000E+00
ENDF                                                                                                                    

FILE    4Salt                  4  6  1 23  0  0  5 0.00000000E+00 0.00000000E+00   0.000  0   0
Liq_Sublattice - liquid salt Li,Na,K//F,SO4 solution                                                                     

 1LiF                         1 9 3 0 0 0 0 0 0 1 1 0 0 0 0 0 0 0.10E+01  0  0  0 0.000E+00
 2Li2SO4                      316 8 3 0 0 0 0 0 1 4 2 0 0 0 0 0 0.10E+01  0  0  0 0.000E+00
 3NaF                         111 9 0 0 0 0 0 0 1 1 0 0 0 0 0 0 0.10E+01  0  0  0 0.000E+00
 4Na2SO4                      21611 8 0 0 0 0 0 1 2 4 0 0 0 0 0 0.10E+01  0  0  0 0.000E+00
 5KF                          119 9 0 0 0 0 0 0 1 1 0 0 0 0 0 0 0.10E+01  0  0  0 0.000E+00
 6K2SO4                       31916 8 0 0 0 0 0 2 1 4 0 0 0 0 0 0.10E+01  0  0  0 0.000E+00
 1 1 2 3 4 5 6 0 0 0 0 0 0 0 0 0 0 0 0 0 0 0 0 0 0 0 0 0 0 0 0 0 0 0 0 0 0 0 0 0 0 0 0 0 0 0 0 0 0 0 0 0 0 0 0 0 0 0 0 0
 1Lithium Fluoride                                                                                                      
L1 1 1 4 1           25.939  FACTBASE
  0.00000000E+00  0.00000000E+00  0.00000000E+00  0.00000000E+00  0.00000000E+00  0.00000000E+00  0.00000000E+00    0.0
  0.00000000E+00  0.00000000E+00    0.0000    0.0000    0.0000    0.0000
 -0.14210841E+03  0.10276637E+02  0.15340000E+02  0.00000000E+00  0.00000000E+00  0.00000000E+00  0.20000000E+04    2.6
 0.00000000E+00  0.0 0.00000000E+00  0.0 0.00000000E+00  0.0 0.00000000E+00 0.00000000E+00 0.00000000E+00 0.00000000E+00
 2Lithium Sulfate                                                                                                       
L1 1 2 5 1          109.946  FACTBASE
  0.00000000E+00  0.00000000E+00  0.00000000E+00  0.00000000E+00  0.00000000E+00  0.00000000E+00  0.00000000E+00    0.0
  0.00000000E+00  0.00000000E+00    0.0000    0.0000    0.0000    0.0000
 -0.33502079E+03  0.36334297E+02  0.58271023E+02  0.27272755E+02 -0.24693808E+02  0.00000000E+00  0.85100000E+03    2.2
 0.28773207E+05 -1.0-0.18481405E+04 -0.5 0.00000000E+00  0.0 0.00000000E+00 0.00000000E+00 0.00000000E+00 0.00000000E+00
 -0.34154433E+03  0.22189038E+02  0.51000000E+02  0.00000000E+00  0.00000000E+00  0.00000000E+00  0.11330000E+04    2.2
 0.00000000E+00  0.0 0.00000000E+00  0.0 0.00000000E+00  0.0 0.00000000E+00 0.00000000E+00 0.00000000E+00 0.00000000E+00
 -0.33987463E+03  0.24859093E+02  0.49000000E+02  0.00000000E+00  0.00000000E+00  0.00000000E+00  0.30000000E+04    2.2
 0.00000000E+00  0.0 0.00000000E+00  0.0 0.00000000E+00  0.0 0.00000000E+00 0.00000000E+00 0.00000000E+00 0.00000000E+00
 3Sodium Fluoride                                                                                                       
L1 2 1 4 1           41.988  FACTBASE
  0.00000000E+00  0.00000000E+00  0.00000000E+00  0.00000000E+00  0.00000000E+00  0.00000000E+00  0.00000000E+00    0.0
  0.00000000E+00  0.00000000E+00    0.0000    0.0000    0.0000    0.0000
 -0.13307465E+03  0.12226962E+02  0.16866000E+02  0.00000000E+00  0.00000000E+00  0.00000000E+00  0.25000000E+04    2.6
 0.00000000E+00  0.0 0.00000000E+00  0.0 0.00000000E+00  0.0 0.00000000E+00 0.00000000E+00 0.00000000E+00 0.00000000E+00
 4Sodium Sulfate                                                                                                        
L1 2 2 5 1          142.043  FACTBASE
  0.00000000E+00  0.00000000E+00  0.00000000E+00  0.00000000E+00  0.00000000E+00  0.00000000E+00  0.00000000E+00    0.0
  0.00000000E+00  0.00000000E+00    0.0000    0.0000    0.0000    0.0000
 -0.32454278E+03  0.43026140E+02  0.45849839E+02  0.14293438E+02 -0.90243629E+01  0.00000000E+00  0.11570000E+04    2.7
 0.12515786E+05 -1.0-0.75614385E+03 -0.5 0.00000000E+00  0.0 0.00000000E+00 0.00000000E+00 0.00000000E+00 0.00000000E+00
 -0.32728083E+03  0.36916899E+02  0.47092017E+02  0.00000000E+00  0.00000000E+00  0.00000000E+00  0.30000000E+04    2.7
 0.00000000E+00  0.0 0.00000000E+00  0.0 0.00000000E+00  0.0 0.00000000E+00 0.00000000E+00 0.00000000E+00 0.00000000E+00
 5Potassium Fluoride                                                                                                    
L1 3 1 4 1           58.097  FACTBASE
  0.00000000E+00  0.00000000E+00  0.00000000E+00  0.00000000E+00  0.00000000E+00  0.00000000E+00  0.00000000E+00    0.0
  0.00000000E+00  0.00000000E+00    0.0000    0.0000    0.0000    0.0000
 -0.13097004E+03  0.18085634E+02  0.16000000E+02  0.00000000E+00  0.00000000E+00  0.00000000E+00  0.20000000E+04    2.5
 0.00000000E+00  0.0 0.00000000E+00  0.0 0.00000000E+00  0.0 0.00000000E+00 0.00000000E+00 0.00000000E+00 0.00000000E+00
 6Potassium Sulfate                                                                                                     
L1 3 2 5 1          174.260  FACTBASE
  0.00000000E+00  0.00000000E+00  0.00000000E+00  0.00000000E+00  0.00000000E+00  0.00000000E+00  0.00000000E+00    0.0
  0.00000000E+00  0.00000000E+00    0.0000    0.0000    0.0000    0.0000
 -0.33267997E+03  0.51013431E+02 -0.53527603E+02  0.83777593E+02 -0.14538248E+02 -0.17232917E+02  0.85600000E+03    2.7
 0.13436037E+04 -0.5 0.00000000E+00  0.0 0.00000000E+00  0.0 0.00000000E+00 0.00000000E+00 0.00000000E+00 0.00000000E+00
 -0.33147771E+03  0.52680318E+02  0.27333510E+02  0.19419453E+02  0.00000000E+00  0.00000000E+00  0.13420000E+04    2.7
 0.00000000E+00  0.0 0.00000000E+00  0.0 0.00000000E+00  0.0 0.00000000E+00 0.00000000E+00 0.00000000E+00 0.00000000E+00
 -0.33658337E+03  0.41636516E+02  0.48150096E+02  0.00000000E+00  0.00000000E+00  0.00000000E+00  0.30000000E+04    2.7
 0.00000000E+00  0.0 0.00000000E+00  0.0 0.00000000E+00  0.0 0.00000000E+00 0.00000000E+00 0.00000000E+00 0.00000000E+00
 1Li           1 1 1
 2Na           1 1 1
 3K            1 1 1
 4F            2 1 1
 5SO4          2 2 2
 1 1 2 4 0 1 1 0 0-0.18080784E+04 0.38408222E+00 0.00000000E+00 0.00000000E+00 0.00000000E+00 0.00000000E+00
 2 1 2 4 0 1 2 0 0-0.87954111E+02 0.26864245E+00 0.00000000E+00 0.00000000E+00 0.00000000E+00 0.00000000E+00
 3 1 2 5 0 1 1 0 0-0.10150574E+04 0.00000000E+00 0.00000000E+00 0.00000000E+00 0.00000000E+00 0.00000000E+00
 4 1 2 5 0 2 1 0 0-0.34512428E+03 0.00000000E+00 0.00000000E+00 0.00000000E+00 0.00000000E+00 0.00000000E+00
 5 1 3 4 0 1 1 0 0-0.46010994E+04 0.32863289E+00 0.00000000E+00 0.00000000E+00 0.00000000E+00 0.00000000E+00
 6 1 3 4 0 1 2 0 0-0.28800191E+03 0.00000000E+00 0.00000000E+00 0.00000000E+00 0.00000000E+00 0.00000000E+00
 7 1 3 4 0 1 3 0 0 0.11309751E+04 0.00000000E+00 0.00000000E+00 0.00000000E+00 0.00000000E+00 0.00000000E+00
 8 1 3 4 0 2 1 0 0 0.00000000E+00 0.75191205E+00 0.00000000E+00 0.00000000E+00 0.00000000E+00 0.00000000E+00
 9 1 3 5 0 1 1 0 0-0.18080784E+04 0.38408222E+00 0.00000000E+00 0.00000000E+00 0.00000000E+00 0.00000000E+00
10 1 3 5 0 2 1 0 0-0.92997132E+03-0.23900574E+00 0.00000000E+00 0.00000000E+00 0.00000000E+00 0.00000000E+00
11 2 3 4 0 1 1 0 0-0.80066922E+02 0.60731358E+00 0.00000000E+00 0.00000000E+00 0.00000000E+00 0.00000000E+00
12 2 3 5 0 1 1 0 0-0.52509560E+03 0.00000000E+00 0.00000000E+00 0.00000000E+00 0.00000000E+00 0.00000000E+00
13 4 5 1-1 0 0 0 0-0.23613767E+03-0.56214149E+00 0.00000000E+00 0.00000000E+00 0.00000000E+00 0.00000000E+00
14 4 5 1-1 0 1 0 0-0.85803059E+02 0.00000000E+00 0.00000000E+00 0.00000000E+00 0.00000000E+00 0.00000000E+00
15 4 5 2-1 0 0 0 0 0.13384321E+02-0.29015296E+00 0.00000000E+00 0.00000000E+00 0.00000000E+00 0.00000000E+00
16 4 5 2-1 0 1 0 0-0.51864245E+02 0.48852772E+00 0.00000000E+00 0.00000000E+00 0.00000000E+00 0.00000000E+00
17 4 5 3-1 0 0 0 0-0.30186424E+03-0.36376673E+00 0.00000000E+00 0.00000000E+00 0.00000000E+00 0.00000000E+00
18 4 5 3-1 0 1 0 0 0.11615679E+03 0.00000000E+00 0.00000000E+00 0.00000000E+00 0.00000000E+00 0.00000000E+00
19 1 2 3 4 1 1 1 0-0.71701721E+02 0.00000000E+00 0.00000000E+00 0.00000000E+00 0.00000000E+00 0.00000000E+00
20 1 2 3 5 1 1 2 0 0.95602294E+02 0.00000000E+00 0.00000000E+00 0.00000000E+00 0.00000000E+00 0.00000000E+00
21 1 2 4 5 1 1 1 1-0.20274857E+04 0.73350860E+00 0.00000000E+00 0.00000000E+00 0.00000000E+00 0.00000000E+00
22 1 3 4 5 1 1 1 1-0.71445985E+04 0.33501434E+01 0.00000000E+00 0.00000000E+00 0.00000000E+00 0.00000000E+00
23 2 3 4 5 1 1 1 1-0.15148184E+04 0.85755258E+00 0.00000000E+00 0.00000000E+00 0.00000000E+00 0.00000000E+00
ENDF                                                                                                                    

FILE    5FCC1                 20  2  0  2 11 22  3 0.28000000E+00 0.30000000E+01   1.000  0   0
FCC_A1 - FCC Cr-Fe
                                                                            
 1Cr1Va1                      124 0 0 0 0 0 0 0 1 0 0 0 0 0 0 0 0.10E+01  0  0  0 0.000E+00
 2Fe1Va1                      126 0 0 0 0 0 0 0 1 0 0 0 0 0 0 0 0.10E+01  0  0  0 0.000E+00
 1                                                                                                                      
   1   3   0   0   0  1.000   0.000-0.11090000E+04-0.24600000E+01 0.00000000E+00 0.000000E+00 0.000000E+00
  1.000000 GCRFCC                                                                                                       
 2                                                                                                                      
   2   3   0   0   0  1.000   0.000-0.20100000E+03-0.21000000E+01 0.00000000E+00 0.000000E+00 0.000000E+00
  1.000000 GFEFCC                                                                                                       
   1   1   0   0   0
 1Cr           1 0 0
 2Fe           1 0 0
 3Va           2 0 0
 1 1 2 3 0 0 0 0 0 0.25891491E+04-0.17870459E+01 0.00000000E+00 0.00000000E+00 0.00000000E+00 0.00000000E+00
 2 1 2 3 0 0 0 0 1-0.33699809E+03 0.00000000E+00 0.00000000E+00 0.00000000E+00 0.00000000E+00 0.00000000E+00
ENDF                                                                                                                    

FILE    6BCC2                 20  2  0  4 11 22  3 0.40000000E+00 0.10000000E+01   1.000  0   0
BCC_A2 - BCC Cr-Fe                                                                                                                  
                                                                                                                        
 1Cr1Va3                      124 0 0 0 0 0 0 0 1 0 0 0 0 0 0 0 0.10E+01  0  0  0 0.000E+00
 2Fe1Va3                      126 0 0 0 0 0 0 0 1 0 0 0 0 0 0 0 0.10E+01  0  0  0 0.000E+00
 1                                                                                                                      
   1   3   0   0   0  1.000   0.000-0.31150000E+03-0.10000000E-01 0.00000000E+00 0.000000E+00 0.000000E+00
  1.000000 GHSERCR                                                                                                      
 2                                                                                                                      
   2   3   0   0   0  1.000   0.000 0.10430000E+04 0.22200000E+01 0.00000000E+00 0.000000E+00 0.000000E+00
  1.000000 GHSERFE                                                                                                      
   1   3   0   0   0
 1Cr           1 0 0
 2Fe           1 0 0
 3Va           2 0 0
 1 1 2 3 0 0 0 0 0 0.48996176E+04-0.23135755E+01 0.00000000E+00 0.00000000E+00 0.00000000E+00 0.00000000E+00
 2 1 2 3 0 0 0-4 0-0.85000000E+00 0.00000000E+00 0.00000000E+00 0.00000000E+00 0.00000000E+00 0.00000000E+00
 3 1 2 3 0 0 0-3 0 0.16500000E+04 0.00000000E+00 0.00000000E+00 0.00000000E+00 0.00000000E+00 0.00000000E+00
 4 1 2 3 0 0 0-3 1-0.55000000E+03 0.00000000E+00 0.00000000E+00 0.00000000E+00 0.00000000E+00 0.00000000E+00
ENDF     
                                                                                                               
FILE    7CrFe                 20  2  0  1 11 22  3 0.00000000E+00 0.00000000E+00   1.000  0   0
Liq_CrFe - liquid Cr-Fe alloy                                                                                                                  
                                                                                                                        
 1Cr1Va1                      124 0 0 0 0 0 0 0 1 0 0 0 0 0 0 0 0.10E+01  0  0  0 0.000E+00
 2Fe1Va1                      126 0 0 0 0 0 0 0 1 0 0 0 0 0 0 0 0.10E+01  0  0  0 0.000E+00
 1                                                                                                                      
   1   3   0   0   0  1.000   0.000 0.00000000E+00 0.00000000E+00 0.00000000E+00 0.000000E+00 0.000000E+00
  1.000000 LIQU015                                                                                                      
 2                                                                                                                      
   2   3   0   0   0  1.000   0.000 0.00000000E+00 0.00000000E+00 0.00000000E+00 0.000000E+00 0.000000E+00
  1.000000 GFELIQ                                                                                                       
   1   1   0   0   0
 1Cr           1 0 0
 2Fe           1 0 0
 3Va           2 0 0
 1 1 2 3 0 0 0 0 0-0.34775335E+04 0.15893882E+01 0.00000000E+00 0.00000000E+00 0.00000000E+00 0.00000000E+00
ENDF                                                                                                                    

FILE    8SIGM                 20  2  0  0 11 22  4 0.00000000E+00 0.00000000E+00   1.000  0   0
SIGMA - sigma Cr-Fe                                                                                                                   
                                                                                                                        
 1Fe8Cr4Cr18                  12426 0 0 0 0 0 022 8 0 0 0 0 0 0 0.10E+01  0  0  0 0.000E+00
 2Fe8Cr4Fe18                  12426 0 0 0 0 0 0 426 0 0 0 0 0 0 0.10E+01  0  0  0 0.000E+00
 1                                                                                                                      
   1   2   3   0   0  1.000   0.000 0.00000000E+00 0.00000000E+00 0.00000000E+00 0.000000E+00 0.000000E+00
  8.000000 GFEFCC    22.000000 GHSERCR    1.000000 SIGM034                                                              
 2                                                                                                                      
   1   2   4   0   0  1.000   0.000 0.00000000E+00 0.00000000E+00 0.00000000E+00 0.000000E+00 0.000000E+00
  8.000000 GFEFCC     4.000000 GHSERCR   18.000000 GHSERFE    1.000000 SIGM035                                          
   8   4  18   0   0
 1FE           1 0 0
 2CR           2 0 0
 3CR           3 0 0
 4FE           3 0 0
ENDF    5                                                                                                               
