FILE    1Bath    FEB 17, 2010 99125  0 19  0  0 43 0.00000000E+00 0.00000000E+00   2.400214214     0
Bath NaF-AlF3-CaF2-LiF-MgF2-Al2O3-Al4C3-Na2CO3 + dissolved metal (?)
(uncertainties above 1100oC or CR>5 or CR<1.5; ? = metal dissolution)                            
 1LiF                         1 9 3 0 0 0 0 0 0 1 1 0 0 0 0 0 0 0.10E+01  0  1  6
 2NaF                         111 9 0 0 0 0 0 0 1 1 0 0 0 0 0 0 0.10E+01  0  2  6
 3KF                        QQ119 9 0 0 0 0 0 0 1 1 0 0 0 0 0 0 0.10E+01  0  3  6
 4MgF2                        112 9 0 0 0 0 0 0 1 2 0 0 0 0 0 0 0.10E+01  0 14  6
 5CaF2                        120 9 0 0 0 0 0 0 1 2 0 0 0 0 0 0 0.10E+01  0 15  6
 6AlF3_5coord                 113 9 0 0 0 0 0 0 1 3 0 0 0 0 0 0 0.10E+01  0 32  6
 7AlF3_4coord                 113 9 0 0 0 0 0 0 1 3 0 0 0 0 0 0 0.10E+01  0 29  6
 8Al2F6                       113 9 0 0 0 0 0 0 2 6 0 0 0 0 0 0 0.10E+01  0 31  6
 9SiF4                      QQ114 9 0 0 0 0 0 0 1 4 0 0 0 0 0 0 1.00E+00  0 33  6 
10LiCl                      QQ117 3 0 0 0 0 0 0 1 1 0 0 0 0 0 0 0.10E+01  0  1  7
11NaCl                      QQ11711 0 0 0 0 0 0 1 1 0 0 0 0 0 0 0.10E+01  0  2  7
12KCl                       QQ11917 0 0 0 0 0 0 1 1 0 0 0 0 0 0 0.10E+01  0  3  7
13MgCl2                     QQ11712 0 0 0 0 0 0 2 1 0 0 0 0 0 0 0.10E+01  0 14  7
14CaCl2                     QQ12017 0 0 0 0 0 0 1 2 0 0 0 0 0 0 0.10E+01  0 15  7
15AlCl3_5coord              QQ11713 0 0 0 0 0 0 3 1 0 0 0 0 0 0 0.10E+01  0 32  7
16AlCl3_4coord              QQ11713 0 0 0 0 0 0 3 1 0 0 0 0 0 0 0.10E+01  0 29  7
17Al2Cl6_dim                QQ11713 0 0 0 0 0 0 6 2 0 0 0 0 0 0 0.10E+01  0 31  7
18SiCl4                     QQ11714 0 0 0 0 0 0 4 1 0 0 0 0 0 0 1.00E+00  0 33  7
19Li2CO3                    QQ1 8 6 3 0 0 0 0 0 3 1 2 0 0 0 0 0 1.00E+00  0  1 11
20Na2CO3                      111 8 6 0 0 0 0 0 2 3 1 0 0 0 0 0 0.10E+01  0  2 11
21K2CO3                     QQ119 8 6 0 0 0 0 0 2 3 1 0 0 0 0 0 0.10E+01  0  3 11
22MgCO3                     QQ112 8 6 0 0 0 0 0 1 3 1 0 0 0 0 0 0.10E+01  0 14 11
23CaCO3                       120 8 6 0 0 0 0 0 1 3 1 0 0 0 0 0 0.10E+01  0 15 11
24Al2(CO3)3_5coord            113 8 6 0 0 0 0 0 2 9 3 0 0 0 0 0 0.10E+01  0 32 11
25Al2(CO3)3_4coord            113 8 6 0 0 0 0 0 2 9 3 0 0 0 0 0 0.10E+01  0 29 11
26Al2(CO3)3_dim               113 8 6 0 0 0 0 0 2 9 3 0 0 0 0 0 0.10E+01  0 31 11
27Si(CO3)2                  QQ114 8 6 0 0 0 0 0 1 6 2 0 0 0 0 0 0.10E+01  0 33 11
28Li2SO4                    QQ116 8 3 0 0 0 0 0 1 4 2 0 0 0 0 0 1.00E+00  0  1 12
29Na2SO4                    QQ111 816 0 0 0 0 0 2 4 1 0 0 0 0 0 0.10E+01  0  2 12
30K2SO4                     QQ119 816 0 0 0 0 0 2 4 1 0 0 0 0 0 0.10E+01  0  3 12
31MgSO4                     QQ112 816 0 0 0 0 0 1 4 1 0 0 0 0 0 0.10E+01  0 14 12
32CaSO4                     QQ120 816 0 0 0 0 0 1 4 1 0 0 0 0 0 0.10E+01  0 15 12
33Al2(SO4)3_5coord          QQ113 816 0 0 0 0 0 212 3 0 0 0 0 0 0.10E+01  0 32 12
34Al2(SO4)3_4coord          QQ113 816 0 0 0 0 0 212 3 0 0 0 0 0 0.10E+01  0 29 12
35Al2(SO4)3_dim             QQ113 816 0 0 0 0 0 212 3 0 0 0 0 0 0.10E+01  0 31 12
36Si(SO4)2                  QQ114 816 0 0 0 0 0 1 8 2 0 0 0 0 0 0.10E+01  0 33 12
37Li2O                        1 8 3 0 0 0 0 0 0 1 2 0 0 0 0 0 0 0.10E+01  0  1 22
38Na2O                        111 8 0 0 0 0 0 0 2 1 0 0 0 0 0 0 0.10E+01  0  2 22
39K2O                       QQ119 8 0 0 0 0 0 0 2 1 0 0 0 0 0 0 0.10E+01  0  3 22
40MgO                         112 8 0 0 0 0 0 0 1 1 0 0 0 0 0 0 0.10E+01  0 14 22
41CaO                         120 8 0 0 0 0 0 0 1 1 0 0 0 0 0 0 0.10E+01  0 15 22
42Al2O3_5coord                113 8 0 0 0 0 0 0 2 3 0 0 0 0 0 0 0.10E+01  0 32 22
43Al2O3_4coord                113 8 0 0 0 0 0 0 2 3 0 0 0 0 0 0 0.10E+01  0 29 22
44Al2O3_dim                   113 8 0 0 0 0 0 0 2 3 0 0 0 0 0 0 0.10E+01  0 31 22
45SiO2                      QQ114 8 0 0 0 0 0 0 1 2 0 0 0 0 0 0 1.00E+00  0 33 22
46Li                          1 3 0 0 0 0 0 0 0 1 0 0 0 0 0 0 0 0.10E+01  0  1 34
47Na                          111 0 0 0 0 0 0 0 1 0 0 0 0 0 0 0 0.10E+01  0  2 34
48K                         QQ119 0 0 0 0 0 0 0 1 0 0 0 0 0 0 0 0.10E+01  0  3 34
49Mg                          112 0 0 0 0 0 0 0 1 0 0 0 0 0 0 0 0.10E+01  0 14 34
50Ca                          120 0 0 0 0 0 0 0 1 0 0 0 0 0 0 0 0.10E+01  0 15 34
51Al_5coord                   113 0 0 0 0 0 0 0 1 0 0 0 0 0 0 0 0.10E+01  0 32 34
52Al_4coord                   113 0 0 0 0 0 0 0 1 0 0 0 0 0 0 0 0.10E+01  0 29 34
53Al2                         113 0 0 0 0 0 0 0 2 0 0 0 0 0 0 0 0.10E+01  0 31 34
54Si                        QQ114 0 0 0 0 0 0 0 1 0 0 0 0 0 0 0 1.00E+00  0 33 34
55Li4C                      QQ1 6 3 0 0 0 0 0 0 1 4 0 0 0 0 0 0 0.10E+01  0  1 35
56Na4C                        111 6 0 0 0 0 0 0 4 1 0 0 0 0 0 0 0.10E+01  0  2 35
57K4C                       QQ119 6 0 0 0 0 0 0 4 1 0 0 0 0 0 0 0.10E+01  0  3 35
58Mg2C                      QQ112 6 0 0 0 0 0 0 2 1 0 0 0 0 0 0 0.10E+01  0 14 35
59Ca2C                        120 6 0 0 0 0 0 0 2 1 0 0 0 0 0 0 0.10E+01  0 15 35
60Al4C3_5coord                113 6 0 0 0 0 0 0 4 3 0 0 0 0 0 0 0.10E+01  0 32 35
61Al4C3_4coord                113 6 0 0 0 0 0 0 4 3 0 0 0 0 0 0 0.10E+01  0 29 35
62Al4C3_dim                   113 6 0 0 0 0 0 0 4 3 0 0 0 0 0 0 0.10E+01  0 31 35
63SiC                       QQ114 6 0 0 0 0 0 0 1 1 0 0 0 0 0 0 1.00E+00  0 33 35
64Li2S                      QQ116 3 0 0 0 0 0 0 2 1 0 0 0 0 0 0 0.10E+01  0  1 36
65Na2S                      QQ11611 0 0 0 0 0 0 1 2 0 0 0 0 0 0 0.10E+01  0  2 36
66K2S                       QQ11916 0 0 0 0 0 0 2 1 0 0 0 0 0 0 0.10E+01  0  3 36
67MgS                       QQ11216 0 0 0 0 0 0 1 1 0 0 0 0 0 0 0.10E+01  0 14 36
68CaS                       QQ12016 0 0 0 0 0 0 1 1 0 0 0 0 0 0 0.10E+01  0 15 36
69Al2S3_5coord              QQ11316 0 0 0 0 0 0 2 3 0 0 0 0 0 0 0.10E+01  0 32 36
70Al2S3_4coord              QQ11316 0 0 0 0 0 0 2 3 0 0 0 0 0 0 0.10E+01  0 29 36
71Al2S3_dim                 QQ11316 0 0 0 0 0 0 2 3 0 0 0 0 0 0 0.10E+01  0 31 36
72SiS2                      QQ11416 0 0 0 0 0 0 1 2 0 0 0 0 0 0 0.10E+01  0 33 36
73Li3PO4                    QQ115 8 3 0 0 0 0 0 1 4 3 0 0 0 0 0 0.10E+01  0  1 37
74Na3PO4                    QQ11511 8 0 0 0 0 0 1 3 4 0 0 0 0 0 0.10E+01  0  2 37
75K3PO4                     QQ11915 8 0 0 0 0 0 3 1 4 0 0 0 0 0 0.10E+01  0  3 37
76Mg3(PO4)2                 QQ11512 8 0 0 0 0 0 2 3 8 0 0 0 0 0 0.10E+01  0 14 37
77Ca3(PO4)2                 QQ12015 8 0 0 0 0 0 3 2 8 0 0 0 0 0 0.10E+01  0 15 37
78AlPO4_5coord              QQ11513 8 0 0 0 0 0 1 1 4 0 0 0 0 0 0.10E+01  0 32 37
79AlPO4_4coord              QQ11513 8 0 0 0 0 0 1 1 4 0 0 0 0 0 0.10E+01  0 29 37
80Al2(PO4)2_dim             QQ11513 8 0 0 0 0 0 2 2 8 0 0 0 0 0 0.10E+01  0 31 37
81Si3(PO4)4                 QQ11514 8 0 0 0 0 0 4 316 0 0 0 0 0 0.10E+01  0 33 37
82Li4P2O7                   QQ115 8 3 0 0 0 0 0 2 7 4 0 0 0 0 0 0.10E+01  0  1 38
83Na4P2O7                   QQ11511 8 0 0 0 0 0 2 4 7 0 0 0 0 0 0.10E+01  0  2 38
84K4P2O7                    QQ11915 8 0 0 0 0 0 4 2 7 0 0 0 0 0 0.10E+01  0  3 38
85Mg2P2O7                   QQ11512 8 0 0 0 0 0 2 2 7 0 0 0 0 0 0.10E+01  0 14 38
86Ca2P2O7                   QQ12015 8 0 0 0 0 0 2 2 7 0 0 0 0 0 0.10E+01  0 15 38
87Al4(P2O7)3_5coord         QQ11513 8 0 0 0 0 0 6 421 0 0 0 0 0 0.10E+01  0 32 38
88Al4(P2O7)3_4coord         QQ11513 8 0 0 0 0 0 6 421 0 0 0 0 0 0.10E+01  0 29 38
89Al4(P2O7)3_dim            QQ11513 8 0 0 0 0 0 6 421 0 0 0 0 0 0.10E+01  0 31 38
90SiP2O7                    QQ11514 8 0 0 0 0 0 2 1 7 0 0 0 0 0 0.10E+01  0 33 38
91Li3P3O9                   QQ115 8 3 0 0 0 0 0 3 9 3 0 0 0 0 0 0.10E+01  0  1 39
92Na3P3O9                   QQ11511 8 0 0 0 0 0 3 3 9 0 0 0 0 0 0.10E+01  0  2 39
93K3P3O9                    QQ11915 8 0 0 0 0 0 3 3 9 0 0 0 0 0 0.10E+01  0  3 39
94Mg3(P3O9)2                QQ11512 8 0 0 0 0 0 6 318 0 0 0 0 0 0.10E+01  0 14 39
95Ca3(P3O9)2                QQ12015 8 0 0 0 0 0 3 618 0 0 0 0 0 0.10E+01  0 15 39
96AlP3O9_5coord             QQ11513 8 0 0 0 0 0 3 1 9 0 0 0 0 0 0.10E+01  0 32 39
97AlP3O9_4coord             QQ11513 8 0 0 0 0 0 3 1 9 0 0 0 0 0 0.10E+01  0 29 39
98Al2(P3O9)2_dim            QQ11513 8 0 0 0 0 0 6 218 0 0 0 0 0 0.10E+01  0 31 39
99Si3(P3O9)4                QQ11514 8 0 0 0 0 012 336 0 0 0 0 0 0.10E+01  0 33 39
00Li2P4O11                  QQ115 8 3 0 0 0 0 0 411 2 0 0 0 0 0 0.10E+01  0  1 40
01Na2P4O11                  QQ11511 8 0 0 0 0 0 4 211 0 0 0 0 0 0.10E+01  0  2 40
02K2P4O11                   QQ11915 8 0 0 0 0 0 2 411 0 0 0 0 0 0.10E+01  0  3 40
03MgP4O11                   QQ11512 8 0 0 0 0 0 4 111 0 0 0 0 0 0.10E+01  0 14 40
04CaP4O11                   QQ12015 8 0 0 0 0 0 1 411 0 0 0 0 0 0.10E+01  0 15 40
05Al2(P4O11)3_5coord        QQ11513 8 0 0 0 0 012 233 0 0 0 0 0 0.10E+01  0 32 40
06Al2(P4O11)3_4coord        QQ11513 8 0 0 0 0 012 233 0 0 0 0 0 0.10E+01  0 29 40
07Al2(P4O11)3_dim           QQ11513 8 0 0 0 0 012 233 0 0 0 0 0 0.10E+01  0 31 40
08Si(P4O11)2                QQ11514 8 0 0 0 0 0 8 122 0 0 0 0 0 0.10E+01  0 33 40
09BeF2_4coord               QQ1 9 4 0 0 0 0 0 0 2 1 0 0 0 0 0 0 0.10E+01  0 41  6
10Be2F4                     QQ1 9 4 0 0 0 0 0 0 4 2 0 0 0 0 0 0 0.10E+01  0 42  6
11BeO_4coord                QQ1 8 4 0 0 0 0 0 0 1 1 0 0 0 0 0 0 0.10E+01  0 41 22
12Be2O2                     QQ1 8 4 0 0 0 0 0 0 2 2 0 0 0 0 0 0 0.10E+01  0 42 22
13Be_4coord                 QQ1 4 0 0 0 0 0 0 0 1 0 0 0 0 0 0 0 0.10E+01  0 41 34
14Be2                       QQ1 4 0 0 0 0 0 0 0 2 0 0 0 0 0 0 0 0.10E+01  0 42 34
15LiF2                      QQ1 9 3 0 0 0 0 0 0 2 1 0 0 0 0 0 0 0.10E+01  0  1 43
16NaF2                      QQ111 9 0 0 0 0 0 0 1 2 0 0 0 0 0 0 0.10E+01  0  2 43
17KF2                       QQ119 9 0 0 0 0 0 0 1 2 0 0 0 0 0 0 0.10E+01  0  3 43
18Mg(F2)2                   QQ112 9 0 0 0 0 0 0 1 4 0 0 0 0 0 0 0.10E+01  0 14 43
19Ca(F2)2                   QQ120 9 0 0 0 0 0 0 1 4 0 0 0 0 0 0 0.10E+01  0 15 43
20Al(F2)3_5coord            QQ113 9 0 0 0 0 0 0 1 6 0 0 0 0 0 0 0.10E+01  0 32 43
21Al(F2)3_4coord            QQ113 9 0 0 0 0 0 0 1 6 0 0 0 0 0 0 0.10E+01  0 29 43
22Al2(F2)6_dim              QQ113 9 0 0 0 0 0 0 212 0 0 0 0 0 0 0.10E+01  0 31 43
23Si(F2)4                   QQ114 9 0 0 0 0 0 0 1 8 0 0 0 0 0 0 1.00E+00  0 33 43
24Be(F2)2_4coord            QQ1 9 4 0 0 0 0 0 0 4 1 0 0 0 0 0 0 0.10E+01  0 41 43
25Be2(F2)4                  QQ1 9 4 0 0 0 0 0 0 8 2 0 0 0 0 0 0 0.10E+01  0 42 43
 1Li[+]        1 1 1
 2Na[+]        1 1 1
 3QQQQQQQQQQQQ 1 1 1
 4QQQQQQQQQQQQ 1 1 1
 5QQQQQQQQQQQQ 1 1 1
 6F[-]         2 1 1
 7QQQQQQQQQQQQ 2 1 1
 8QQQQQQQQQQQQ 2 1 1
 9QQQQQQQQQQQQ 2 1 1
10QQQQQQQQQQQQ 2 1 1
11CO3[2-]      2 2 2
12QQQQQQQQQQQQ 2 2 2
13QQQQQQQQQQQQ 2 1 1
14Mg[2+]       1 2 2
15Ca[2+]       1 2 2
16QQQQQQQQQQQQ 1 2 2
17QQQQQQQQQQQQ 1 2 2
18QQQQQQQQQQQQ 1 3 3
19QQQQQQQQQQQQ 1 3 3
20QQQQQQQQQQQQ 1 3 3
21QQQQQQQQQQQQ 1 3 3
22O[2-]        2 2 2
23QQQQQQQQQQQQ 1 2 2
24QQQQQQQQQQQQ 1 2 2
25QQQQQQQQQQQQ 1 2 2
26QQQQQQQQQQQQ 1 2 2
27QQQQQQQQQQQQ 1 2 2
28QQQQQQQQQQQQ 1 2 2
29Al[3+]_(IV)  1 3 3
30QQQQQQQQQQQQ 1 3 3
31Al2[6+]      1 3 6
32Al[3+]_(V)   1 3 3
33QQQQQQQQQQQQ 1 3 4
34Va[-]        2 1 1
35C[4-]        2 3 4
36QQQQQQQQQQQQ 2 2 2 
37QQQQQQQQQQQQ 2 2 3 
38QQQQQQQQQQQQ 2 2 4 
39QQQQQQQQQQQQ 2 2 3 
40QQQQQQQQQQQQ 2 2 2
41QQQQQQQQQQQQ 1 2 2
42QQQQQQQQQQQQ 1 2 4
43QQQQQQQQQQQQ 2 1 1
  1  1  6  6 0.60000000E+01 0.60000000E+01 0.60000000E+01 0.60000000E+01
  2  2  6  6 0.60000000E+01 0.60000000E+01 0.60000000E+01 0.60000000E+01
  3  3  6  6 0.60000000E+01 0.60000000E+01 0.60000000E+01 0.60000000E+01
 14 14  6  6 0.60000000E+01 0.60000000E+01 0.30000000E+01 0.30000000E+01
 15 15  6  6 0.60000000E+01 0.60000000E+01 0.30000000E+01 0.30000000E+01
 32 32  6  6 0.60000000E+01 0.60000000E+01 0.20000000E+01 0.20000000E+01
 29 29  6  6 0.48000000E+01 0.48000000E+01 0.16000000E+01 0.16000000E+01
 31 31  6  6 0.60000000E+01 0.60000000E+01 0.10000000E+01 0.10000000E+01
 33 33  6  6 0.72000000E+01 0.72000000E+01 0.18000000E+01 0.18000000E+01 
 41 41  6  6 0.48000000E+01 0.48000000E+01 0.24000000E+01 0.24000000E+01
 42 42  6  6 0.60000000E+01 0.60000000E+01 0.15000000E+01 0.15000000E+01
  1  1  7  7 0.60000000E+01 0.60000000E+01 0.60000000E+01 0.60000000E+01
  2  2  7  7 0.60000000E+01 0.60000000E+01 0.60000000E+01 0.60000000E+01
  3  3  7  7 0.60000000E+01 0.60000000E+01 0.60000000E+01 0.60000000E+01
 14 14  7  7 0.60000000E+01 0.60000000E+01 0.30000000E+01 0.30000000E+01
 15 15  7  7 0.60000000E+01 0.60000000E+01 0.30000000E+01 0.30000000E+01
 32 32  7  7 0.60000000E+01 0.60000000E+01 0.20000000E+01 0.20000000E+01
 29 29  7  7 0.48000000E+01 0.48000000E+01 0.16000000E+01 0.16000000E+01
 31 31  7  7 0.60000000E+01 0.60000000E+01 0.10000000E+01 0.10000000E+01
 33 33  7  7 0.72000000E+01 0.72000000E+01 0.18000000E+01 0.18000000E+01
  1  1 11 11 0.30000000E+01 0.30000000E+01 0.60000000E+01 0.60000000E+01
  2  2 11 11 0.30000000E+01 0.30000000E+01 0.60000000E+01 0.60000000E+01
  3  3 11 11 0.30000000E+01 0.30000000E+01 0.60000000E+01 0.60000000E+01
 14 14 11 11 0.60000000E+01 0.60000000E+01 0.60000000E+01 0.60000000E+01
 15 15 11 11 0.60000000E+01 0.60000000E+01 0.60000000E+01 0.60000000E+01
 32 32 11 11 0.60000000E+01 0.60000000E+01 0.40000000E+01 0.40000000E+01
 29 29 11 11 0.48000000E+01 0.48000000E+01 0.32000000E+01 0.32000000E+01
 31 31 11 11 0.60000000E+01 0.60000000E+01 0.20000000E+01 0.20000000E+01
 33 33 11 11 0.60000000E+01 0.60000000E+01 0.30000000E+01 0.30000000E+01
  1  1 12 12 0.30000000E+01 0.30000000E+01 0.60000000E+01 0.60000000E+01
  2  2 12 12 0.30000000E+01 0.30000000E+01 0.60000000E+01 0.60000000E+01
  3  3 12 12 0.30000000E+01 0.30000000E+01 0.60000000E+01 0.60000000E+01
 14 14 12 12 0.60000000E+01 0.60000000E+01 0.60000000E+01 0.60000000E+01
 15 15 12 12 0.60000000E+01 0.60000000E+01 0.60000000E+01 0.60000000E+01
 32 32 12 12 0.60000000E+01 0.60000000E+01 0.40000000E+01 0.40000000E+01
 29 29 12 12 0.48000000E+01 0.48000000E+01 0.32000000E+01 0.32000000E+01
 31 31 12 12 0.60000000E+01 0.60000000E+01 0.20000000E+01 0.20000000E+01
 33 33 12 12 0.60000000E+01 0.60000000E+01 0.30000000E+01 0.30000000E+01
  1  1 22 22 0.30000000E+01 0.30000000E+01 0.60000000E+01 0.60000000E+01
  2  2 22 22 0.30000000E+01 0.30000000E+01 0.60000000E+01 0.60000000E+01
  3  3 22 22 0.30000000E+01 0.30000000E+01 0.60000000E+01 0.60000000E+01
 14 14 22 22 0.60000000E+01 0.60000000E+01 0.60000000E+01 0.60000000E+01
 15 15 22 22 0.60000000E+01 0.60000000E+01 0.60000000E+01 0.60000000E+01
 32 32 22 22 0.60000000E+01 0.60000000E+01 0.40000000E+01 0.40000000E+01
 29 29 22 22 0.48000000E+01 0.48000000E+01 0.32000000E+01 0.32000000E+01
 31 31 22 22 0.60000000E+01 0.60000000E+01 0.20000000E+01 0.20000000E+01
 33 33 22 22 0.60000000E+01 0.60000000E+01 0.30000000E+01 0.30000000E+01
 41 41 22 22 0.60000000E+01 0.60000000E+01 0.60000000E+01 0.60000000E+01
 42 42 22 22 0.60000000E+01 0.60000000E+01 0.30000000E+01 0.30000000E+01
  1  1 34 34 0.60000000E+01 0.60000000E+01 0.60000000E+01 0.60000000E+01
  2  2 34 34 0.60000000E+01 0.60000000E+01 0.60000000E+01 0.60000000E+01
  3  3 34 34 0.60000000E+01 0.60000000E+01 0.60000000E+01 0.60000000E+01
 14 14 34 34 0.60000000E+01 0.60000000E+01 0.30000000E+01 0.30000000E+01
 15 15 34 34 0.60000000E+01 0.60000000E+01 0.30000000E+01 0.30000000E+01
 32 32 34 34 0.60000000E+01 0.60000000E+01 0.20000000E+01 0.20000000E+01
 29 29 34 34 0.48000000E+01 0.48000000E+01 0.16000000E+01 0.16000000E+01
 31 31 34 34 0.60000000E+01 0.60000000E+01 0.10000000E+01 0.10000000E+01
 33 33 34 34 0.60000000E+01 0.60000000E+01 0.15000000E+01 0.15000000E+01
 41 41 34 34 0.60000000E+01 0.60000000E+01 0.30000000E+01 0.30000000E+01
 42 42 34 34 0.60000000E+01 0.60000000E+01 0.15000000E+01 0.15000000E+01
  1  1 35 35 0.15000000E+01 0.15000000E+01 0.60000000E+01 0.60000000E+01
  2  2 35 35 0.15000000E+01 0.15000000E+01 0.60000000E+01 0.60000000E+01
  3  3 35 35 0.15000000E+01 0.15000000E+01 0.60000000E+01 0.60000000E+01
 14 14 35 35 0.30000000E+01 0.30000000E+01 0.60000000E+01 0.60000000E+01
 15 15 35 35 0.30000000E+01 0.30000000E+01 0.60000000E+01 0.60000000E+01
 32 32 35 35 0.45000000E+01 0.45000000E+01 0.60000000E+01 0.60000000E+01
 29 29 35 35 0.45000000E+01 0.45000000E+01 0.60000000E+01 0.60000000E+01
 31 31 35 35 0.60000000E+01 0.60000000E+01 0.40000000E+01 0.40000000E+01
 33 33 35 35 0.60000000E+01 0.60000000E+01 0.60000000E+01 0.60000000E+01
  1  1 36 36 0.30000000E+01 0.30000000E+01 0.60000000E+01 0.60000000E+01
  2  2 36 36 0.30000000E+01 0.30000000E+01 0.60000000E+01 0.60000000E+01
  3  3 36 36 0.30000000E+01 0.30000000E+01 0.60000000E+01 0.60000000E+01
 14 14 36 36 0.60000000E+01 0.60000000E+01 0.60000000E+01 0.60000000E+01
 15 15 36 36 0.60000000E+01 0.60000000E+01 0.60000000E+01 0.60000000E+01
 32 32 36 36 0.60000000E+01 0.60000000E+01 0.40000000E+01 0.40000000E+01
 29 29 36 36 0.48000000E+01 0.48000000E+01 0.32000000E+01 0.32000000E+01
 31 31 36 36 0.60000000E+01 0.60000000E+01 0.20000000E+01 0.20000000E+01
 33 33 36 36 0.60000000E+01 0.60000000E+01 0.30000000E+01 0.30000000E+01
  1  1 37 37 0.20000000E+01 0.20000000E+01 0.60000000E+01 0.60000000E+01
  2  2 37 37 0.20000000E+01 0.20000000E+01 0.60000000E+01 0.60000000E+01
  3  3 37 37 0.20000000E+01 0.20000000E+01 0.60000000E+01 0.60000000E+01
 14 14 37 37 0.40000000E+01 0.40000000E+01 0.60000000E+01 0.60000000E+01
 15 15 37 37 0.40000000E+01 0.40000000E+01 0.60000000E+01 0.60000000E+01
 32 32 37 37 0.60000000E+01 0.60000000E+01 0.60000000E+01 0.60000000E+01
 29 29 37 37 0.48000000E+01 0.48000000E+01 0.48000000E+01 0.48000000E+01
 31 31 37 37 0.60000000E+01 0.60000000E+01 0.30000000E+01 0.30000000E+01
 33 33 37 37 0.48000000E+01 0.48000000E+01 0.36000000E+01 0.36000000E+01
  1  1 38 38 0.15000000E+01 0.15000000E+01 0.60000000E+01 0.60000000E+01
  2  2 38 38 0.15000000E+01 0.15000000E+01 0.60000000E+01 0.60000000E+01
  3  3 38 38 0.15000000E+01 0.15000000E+01 0.60000000E+01 0.60000000E+01
 14 14 38 38 0.30000000E+01 0.30000000E+01 0.60000000E+01 0.60000000E+01
 15 15 38 38 0.30000000E+01 0.30000000E+01 0.60000000E+01 0.60000000E+01
 32 32 38 38 0.60000000E+01 0.60000000E+01 0.80000000E+01 0.80000000E+01
 29 29 38 38 0.48000000E+01 0.48000000E+01 0.64000000E+01 0.64000000E+01
 31 31 38 38 0.60000000E+01 0.60000000E+01 0.40000000E+01 0.40000000E+01
 33 33 38 38 0.48000000E+01 0.48000000E+01 0.24000000E+01 0.24000000E+01
  1  1 39 39 0.20000000E+01 0.20000000E+01 0.60000000E+01 0.60000000E+01
  2  2 39 39 0.20000000E+01 0.20000000E+01 0.60000000E+01 0.60000000E+01
  3  3 39 39 0.20000000E+01 0.20000000E+01 0.60000000E+01 0.60000000E+01
 14 14 39 39 0.40000000E+01 0.40000000E+01 0.60000000E+01 0.60000000E+01
 15 15 39 39 0.40000000E+01 0.40000000E+01 0.60000000E+01 0.60000000E+01
 32 32 39 39 0.60000000E+01 0.60000000E+01 0.60000000E+01 0.60000000E+01
 29 29 39 39 0.48000000E+01 0.48000000E+01 0.48000000E+01 0.48000000E+01
 31 31 39 39 0.60000000E+01 0.60000000E+01 0.30000000E+01 0.30000000E+01
 33 33 39 39 0.48000000E+01 0.48000000E+01 0.36000000E+01 0.36000000E+01
  1  1 40 40 0.30000000E+01 0.30000000E+01 0.60000000E+01 0.60000000E+01
  2  2 40 40 0.30000000E+01 0.30000000E+01 0.60000000E+01 0.60000000E+01
  3  3 40 40 0.30000000E+01 0.30000000E+01 0.60000000E+01 0.60000000E+01
 14 14 40 40 0.60000000E+01 0.60000000E+01 0.60000000E+01 0.60000000E+01
 15 15 40 40 0.60000000E+01 0.60000000E+01 0.60000000E+01 0.60000000E+01
 32 32 40 40 0.60000000E+01 0.60000000E+01 0.40000000E+01 0.40000000E+01
 29 29 40 40 0.48000000E+01 0.48000000E+01 0.32000000E+01 0.32000000E+01
 31 31 40 40 0.60000000E+01 0.60000000E+01 0.20000000E+01 0.20000000E+01
 33 33 40 40 0.48000000E+01 0.48000000E+01 0.24000000E+01 0.24000000E+01
  1  1 43 43 0.60000000E+01 0.60000000E+01 0.60000000E+01 0.60000000E+01
  2  2 43 43 0.60000000E+01 0.60000000E+01 0.60000000E+01 0.60000000E+01
  3  3 43 43 0.60000000E+01 0.60000000E+01 0.60000000E+01 0.60000000E+01
 14 14 43 43 0.60000000E+01 0.60000000E+01 0.30000000E+01 0.30000000E+01
 15 15 43 43 0.60000000E+01 0.60000000E+01 0.30000000E+01 0.30000000E+01
 32 32 43 43 0.60000000E+01 0.60000000E+01 0.20000000E+01 0.20000000E+01
 29 29 43 43 0.48000000E+01 0.48000000E+01 0.16000000E+01 0.16000000E+01
 31 31 43 43 0.60000000E+01 0.60000000E+01 0.10000000E+01 0.10000000E+01
 33 33 43 43 0.72000000E+01 0.72000000E+01 0.18000000E+01 0.18000000E+01 
 41 41 43 43 0.48000000E+01 0.48000000E+01 0.24000000E+01 0.24000000E+01
 42 42 43 43 0.60000000E+01 0.60000000E+01 0.15000000E+01 0.15000000E+01
  2 32  6  6 0.30000000E+01 0.60000000E+01 0.24000000E+01 0.24000000E+01
  2 29  6  6 0.40000000E+01 0.40000000E+01 0.20000000E+01 0.20000000E+01
  2 31  6  6 0.60000000E+01 0.60000000E+01 1.71428571E+00 1.71428571E+00
  2 15  6  6 0.30000000E+01 0.60000000E+01 0.30000000E+01 0.30000000E+01
 32 15  6  6 0.60000000E+01 0.60000000E+01 0.24000000E+01 0.24000000E+01
 29 15  6  6 0.48000000E+01 0.60000000E+01 2.08695652E+00 2.08695652E+00
  1  2  6  6 0.60000000E+01 0.60000000E+01 0.60000000E+01 0.60000000E+01
  2 14  6  6 0.30000000E+01 0.60000000E+01 0.30000000E+01 0.30000000E+01
  1 32  6  6 0.30000000E+01 0.60000000E+01 0.24000000E+01 0.24000000E+01
  1 29  6  6 0.40000000E+01 0.40000000E+01 0.20000000E+01 0.20000000E+01
  1 15  6  6 0.30000000E+01 0.60000000E+01 0.30000000E+01 0.30000000E+01
  1 14  6  6 0.30000000E+01 0.60000000E+01 0.30000000E+01 0.30000000E+01
  3 32  6  6 0.30000000E+01 0.60000000E+01 0.24000000E+01 0.24000000E+01
  3 29  6  6 0.48000000E+01 0.48000000E+01 0.24000000E+01 0.24000000E+01
  3 31  6  6 0.60000000E+01 0.60000000E+01 1.71428571E+00 1.71428571E+00
  3 15  6  6 0.30000000E+01 0.60000000E+01 0.30000000E+01 0.30000000E+01
  3 14  6  6 0.30000000E+01 0.60000000E+01 0.30000000E+01 0.30000000E+01
 32 14  6  6 0.60000000E+01 0.60000000E+01 0.24000000E+01 0.24000000E+01
 29 14  6  6 0.30000000E+01 0.60000000E+01 0.15000000E+01 0.15000000E+01
 31 14  6  6 0.30000000E+01 0.60000000E+01 0.85714286E+00 0.85714286E+00
  2 33  6  6 0.36000000E+01 0.72000000E+01 0.24000000E+01 0.24000000E+01
  3 33  6  6 0.36000000E+01 0.72000000E+01 0.24000000E+01 0.24000000E+01
  2 41  6  6 0.30000000E+01 0.60000000E+01 0.30000000E+01 0.30000000E+01
  2 42  6  6 0.20000000E+01 0.60000000E+01 1.71428571E+00 1.71428571E+00
  1 41  6  6 0.30000000E+01 0.60000000E+01 0.30000000E+01 0.30000000E+01
  1 42  6  6 0.20000000E+01 0.60000000E+01 1.71428571E+00 1.71428571E+00
 14 15  6  6 0.60000000E+01 0.60000000E+01 0.30000000E+01 0.30000000E+01
  2 31 22 22 0.60000000E+01 0.60000000E+01 3.42857143E+00 3.42857143E+00
  3 31 22 22 0.30000000E+01 0.60000000E+01 0.30000000E+01 0.30000000E+01
  1 14  7  7 0.30000000E+01 0.50000000E+01 0.27272727E+01 0.27272727E+01
  1 15  7  7 0.30000000E+01 0.60000000E+01 0.30000000E+01 0.30000000E+01
  1 29  7  7 0.40000000E+01 0.40000000E+01 0.20000000E+01 0.20000000E+01
  2 32  7  7 0.30000000E+01 0.60000000E+01 0.24000000E+01 0.24000000E+01
  2 29  7  7 0.40000000E+01 0.40000000E+01 0.20000000E+01 0.20000000E+01
  2 31  7  7 0.60000000E+01 0.60000000E+01 1.71428571E+00 1.71428571E+00
  2 15  7  7 0.40000000E+01 0.60000000E+01 3.42857143E+00 3.42857143E+00
  2 14  7  7 0.30000000E+01 0.60000000E+01 0.30000000E+01 0.30000000E+01
  2  3  7  7 0.60000000E+01 0.60000000E+01 0.60000000E+01 0.60000000E+01
 15 29  7  7 0.60000000E+01 0.30000000E+01 0.15000000E+01 0.15000000E+01
 15 31  7  7 0.60000000E+01 0.30000000E+01 0.85714286E+00 0.85714286E+00
 14 29  7  7 0.60000000E+01 0.30000000E+01 0.15000000E+01 0.15000000E+01
 14 31  7  7 0.60000000E+01 0.30000000E+01 0.85714286E+00 0.85714286E+00
 14 15  7  7 0.60000000E+01 0.60000000E+01 0.30000000E+01 0.30000000E+01
  3 32  7  7 0.30000000E+01 0.60000000E+01 0.24000000E+01 0.24000000E+01
  3 29  7  7 0.40000000E+01 0.40000000E+01 0.20000000E+01 0.20000000E+01
  3 31  7  7 0.60000000E+01 0.60000000E+01 1.71428571E+00 1.71428571E+00
  3 15  7  7 0.30000000E+01 0.60000000E+01 0.30000000E+01 0.30000000E+01
  3 14  7  7 0.30000000E+01 0.60000000E+01 0.30000000E+01 0.30000000E+01
  2 33  7  7 0.36000000E+01 0.72000000E+01 0.24000000E+01 0.24000000E+01
  2 29 37 37 0.40000000E+01 0.40000000E+01 0.60000000E+01 0.60000000E+01
  2 33 22 22 0.20000000E+01 0.40000000E+01 0.12500000E+01 0.12500000E+01
  2 29 36 36 0.48000000E+01 0.48000000E+01 0.48000000E+01 0.48000000E+01
  2 15 36 36 0.30000000E+01 0.60000000E+01 0.60000000E+01 0.60000000E+01
 15 29 36 36 0.48000000E+01 0.48000000E+01 0.38400000E+01 0.38400000E+01
  2 31 36 36 0.60000000E+01 0.30000000E+01 1.84615385E+00 1.84615385E+00
  1  1  6 11 0.40000000E+01 0.40000000E+01 0.40000000E+01 0.80000000E+01
  1  1  6 12 0.40000000E+01 0.40000000E+01 0.40000000E+01 0.80000000E+01
  2  2  6 11 0.40000000E+01 0.40000000E+01 0.40000000E+01 0.80000000E+01
  2  2  6 12 0.40000000E+01 0.40000000E+01 0.40000000E+01 0.80000000E+01
  3  3  6 11 0.40000000E+01 0.40000000E+01 0.40000000E+01 0.80000000E+01
  3  3  6 12 0.40000000E+01 0.40000000E+01 0.40000000E+01 0.80000000E+01
  1  1  7 11 0.40000000E+01 0.40000000E+01 0.40000000E+01 0.80000000E+01
  1  1  7 12 0.30000000E+01 0.30000000E+01 0.30000000E+01 0.60000000E+01
  2  2  7 11 0.40000000E+01 0.40000000E+01 0.40000000E+01 0.80000000E+01
  2  2  7 12 0.40000000E+01 0.40000000E+01 0.40000000E+01 0.80000000E+01
  3  3  7 11 0.40000000E+01 0.40000000E+01 0.40000000E+01 0.80000000E+01
  3  3  7 12 0.40000000E+01 0.40000000E+01 0.40000000E+01 0.80000000E+01
  2 32  6 22 0.20000000E+01 0.40000000E+01 0.20000000E+01 2.66666667E+00
  2 29  6 22 0.68000000E+01 0.68000000E+01 0.68000000E+01 4.53333333E+00
  3 32  6 22 0.20000000E+01 0.40000000E+01 0.16000000E+01 0.32000000E+01
  3 29  6 22 0.68000000E+01 0.68000000E+01 0.68000000E+01 4.53333333E+00
  2 29  6 35 0.25000000E+01 0.27272727E+01 0.10000000E+01 0.80000000E+01
  2 32  6  7 0.40000000E+01 0.80000000E+01 2.66666667E+00 0.40000000E+01
  2 29  6  7 0.60000000E+01 0.60000000E+01 0.20000000E+01 0.60000000E+01
  2 31  6  7 0.60000000E+01 0.60000000E+01 0.10000000E+01 0.60000000E+01
  2 14  6  7 0.30000000E+01 0.60000000E+01 0.30000000E+01 0.30000000E+01
  2 20  6  7 0.60000000E+01 0.60000000E+01 0.60000000E+01 0.60000000E+01
 32 29  6  7 0.60000000E+01 0.60000000E+01 0.20000000E+01 0.20000000E+01
  1  3  6  7 0.80000000E+01 0.80000000E+01 0.80000000E+01 0.80000000E+01
  1 15  6  7 0.30000000E+01 0.60000000E+01 0.30000000E+01 0.30000000E+01
  1 20  6  7 0.80000000E+01 0.80000000E+01 0.80000000E+01 0.80000000E+01
  3 32  6  7 0.40000000E+01 0.80000000E+01 2.66666667E+00 0.40000000E+01
  3 29  6  7 0.60000000E+01 0.60000000E+01 0.20000000E+01 0.60000000E+01
  3 31  6  7 0.60000000E+01 0.60000000E+01 0.10000000E+01 0.60000000E+01
  3 15  6  7 0.20000000E+01 0.40000000E+01 0.20000000E+01 0.20000000E+01
  2  3  7 11 0.40000000E+01 0.40000000E+01 0.40000000E+01 0.80000000E+01
  2  3  7 12 0.40000000E+01 0.40000000E+01 0.40000000E+01 0.80000000E+01
  2 29  6 37 0.30000000E+01 0.60000000E+01 0.30000000E+01 0.60000000E+01
  1 29  6 22 3.60858018E+00 4.61562582E+00 2.58876404E+00 3.69823435E+00
 1     1 LiF
Vi F1 1.8851517111E+04 0.0000E+00 1.8492854576E+01 1.0000E+00 0.0000000000E+00 0.0000E+00 0.0000000000E+00 0.0000E+00 0.0000000000E+00 0.0000E+00 0.0000000000E+00 0.0000E+00 0.0000000000E+00 0.0000E+00 0.0000000000E+00 0.0000E+00 0.0000000000E+00 0.0000E+00 0.0000000000E+00 0.0000E+00
Vi F2 1.0000000000E+00 0.0000E+00 0.0000000000E+00 1.0000E+00 0.0000000000E+00 0.0000E+00 0.0000000000E+00 0.0000E+00
Vi F3 0.0000000000E+00 0.0000E+00 0.0000000000E+00 1.0000E+02 0.0000000000E+00 1.0000E+00 0.0000000000E+00 0.0000E+00 0.0000000000E+00 0.0000E+00
Vi Ti 0.1000000000E+03 9.0000000000E+03 0 1.0000000000E+00
 2     1 NaF
Vi F1 2.1259350318E+04 0.0000E+00 1.9532925547E+01 1.0000E+00 0.0000000000E+00 0.0000E+00 0.0000000000E+00 0.0000E+00 0.0000000000E+00 0.0000E+00 0.0000000000E+00 0.0000E+00 0.0000000000E+00 0.0000E+00 0.0000000000E+00 0.0000E+00 0.0000000000E+00 0.0000E+00 0.0000000000E+00 0.0000E+00
Vi F2 1.0000000000E+00 0.0000E+00 0.0000000000E+00 1.0000E+00 0.0000000000E+00 0.0000E+00 0.0000000000E+00 0.0000E+00
Vi F3 0.0000000000E+00 0.0000E+00 0.0000000000E+00 1.0000E+02 0.0000000000E+00 1.0000E+00 0.0000000000E+00 0.0000E+00 0.0000000000E+00 0.0000E+00 
Vi Ti 0.1000000000E+03 9.0000000000E+03 0 1.0000000000E+00
 3     1 KF
Vi F1 0.0000000000E+04 0.0000E+00 0.0000000000E+01 1.0000E+00 0.0000000000E+00 0.0000E+00 0.0000000000E+00 0.0000E+00 0.0000000000E+00 0.0000E+00 0.0000000000E+00 0.0000E+00 0.0000000000E+00 0.0000E+00 0.0000000000E+00 0.0000E+00 0.0000000000E+00 0.0000E+00 0.0000000000E+00 0.0000E+00
Vi F2 1.0000000000E+00 0.0000E+00 0.0000000000E+00 1.0000E+00 0.0000000000E+00 0.0000E+00 0.0000000000E+00 0.0000E+00
Vi F3 0.0000000000E+00 0.0000E+00 0.0000000000E+00 1.0000E+02 0.0000000000E+00 1.0000E+00 0.0000000000E+00 0.0000E+00 0.0000000000E+00 0.0000E+00 
Vi Ti 0.1000000000E+03 9.0000000000E+03 0 1.0000000000E+00
 4     1 MgF2
Vi F1 2.9596806224E+04 0.0000E+00 2.2380138510E+01 1.0000E+00 0.0000000000E+00 0.0000E+00 0.0000000000E+00 0.0000E+00 0.0000000000E+00 0.0000E+00 0.0000000000E+00 0.0000E+00 0.0000000000E+00 0.0000E+00 0.0000000000E+00 0.0000E+00 0.0000000000E+00 0.0000E+00 0.0000000000E+00 0.0000E+00
Vi F2 1.0000000000E+00 0.0000E+00 0.0000000000E+00 1.0000E+00 0.0000000000E+00 0.0000E+00 0.0000000000E+00 0.0000E+00
Vi F3 0.0000000000E+00 0.0000E+00 0.0000000000E+00 1.0000E+02 0.0000000000E+00 1.0000E+00 0.0000000000E+00 0.0000E+00 0.0000000000E+00 0.0000E+00 
Vi Ti 0.1000000000E+03 9.0000000000E+03 0 1.0000000000E+00
 5     1 CaF2
Vi F1 8.3145100000E+03 0.0000E+00 5.3314586607E+01 1.0000E+00 0.0000000000E+00 0.0000E+00 0.0000000000E+00 0.0000E+00 0.0000000000E+00 0.0000E+00 0.0000000000E+00 0.0000E+00 0.0000000000E+00 0.0000E+00 0.0000000000E+00 0.0000E+00 0.0000000000E+00 0.0000E+00 0.0000000000E+00 0.0000E+00
Vi F2 1.0000000000E+00 0.0000E+00 0.0000000000E+00 1.0000E+00 0.0000000000E+00 0.0000E+00 0.0000000000E+00 0.0000E+00
Vi F3 0.0000000000E+00 0.0000E+00 0.0000000000E+00 1.0000E+02 0.0000000000E+00 1.0000E+00 0.0000000000E+00 0.0000E+00 0.0000000000E+00 0.0000E+00 
Vi Ti 0.1000000000E+03 9.0000000000E+03 0 1.0000000000E+00
 6     1 AlF3_5coord
Vi F1 0.0000000000E+04 0.0000E+00 0.0000000000E+01 1.0000E+00 0.0000000000E+00 0.0000E+00 0.0000000000E+00 0.0000E+00 0.0000000000E+00 0.0000E+00 0.0000000000E+00 0.0000E+00 0.0000000000E+00 0.0000E+00 0.0000000000E+00 0.0000E+00 0.0000000000E+00 0.0000E+00 0.0000000000E+00 0.0000E+00
Vi F2 1.0000000000E+00 0.0000E+00 0.0000000000E+00 1.0000E+00 0.0000000000E+00 0.0000E+00 0.0000000000E+00 0.0000E+00
Vi F3 0.0000000000E+00 0.0000E+00 0.0000000000E+00 1.0000E+02 0.0000000000E+00 1.0000E+00 0.0000000000E+00 0.0000E+00 0.0000000000E+00 0.0000E+00 
Vi Ti 0.1000000000E+03 9.0000000000E+03 0 1.0000000000E+00
 7     1 AlF3_4coord
Vi F1 0.0000000000E+04 0.0000E+00 0.0000000000E+01 1.0000E+00 0.0000000000E+00 0.0000E+00 0.0000000000E+00 0.0000E+00 0.0000000000E+00 0.0000E+00 0.0000000000E+00 0.0000E+00 0.0000000000E+00 0.0000E+00 0.0000000000E+00 0.0000E+00 0.0000000000E+00 0.0000E+00 0.0000000000E+00 0.0000E+00
Vi F2 1.0000000000E+00 0.0000E+00 0.0000000000E+00 1.0000E+00 0.0000000000E+00 0.0000E+00 0.0000000000E+00 0.0000E+00
Vi F3 0.0000000000E+00 0.0000E+00 0.0000000000E+00 1.0000E+02 0.0000000000E+00 1.0000E+00 0.0000000000E+00 0.0000E+00 0.0000000000E+00 0.0000E+00 
Vi Ti 0.1000000000E+03 9.0000000000E+03 0 1.0000000000E+00
 8     1 Al2F6
Vi F1 0.0000000000E+04 0.0000E+00 0.0000000000E+01 1.0000E+00 0.0000000000E+00 0.0000E+00 0.0000000000E+00 0.0000E+00 0.0000000000E+00 0.0000E+00 0.0000000000E+00 0.0000E+00 0.0000000000E+00 0.0000E+00 0.0000000000E+00 0.0000E+00 0.0000000000E+00 0.0000E+00 0.0000000000E+00 0.0000E+00
Vi F2 1.0000000000E+00 0.0000E+00 0.0000000000E+00 1.0000E+00 0.0000000000E+00 0.0000E+00 0.0000000000E+00 0.0000E+00
Vi F3 0.0000000000E+00 0.0000E+00 0.0000000000E+00 1.0000E+02 0.0000000000E+00 1.0000E+00 0.0000000000E+00 0.0000E+00 0.0000000000E+00 0.0000E+00 
Vi Ti 0.1000000000E+03 9.0000000000E+03 0 2.0000000000E+00
 9     1 SiF4
Vi F1 0.0000000000E+04 0.0000E+00 0.0000000000E+01 1.0000E+00 0.0000000000E+00 0.0000E+00 0.0000000000E+00 0.0000E+00 0.0000000000E+00 0.0000E+00 0.0000000000E+00 0.0000E+00 0.0000000000E+00 0.0000E+00 0.0000000000E+00 0.0000E+00 0.0000000000E+00 0.0000E+00 0.0000000000E+00 0.0000E+00
Vi F2 1.0000000000E+00 0.0000E+00 0.0000000000E+00 1.0000E+00 0.0000000000E+00 0.0000E+00 0.0000000000E+00 0.0000E+00
Vi F3 0.0000000000E+00 0.0000E+00 0.0000000000E+00 1.0000E+02 0.0000000000E+00 1.0000E+00 0.0000000000E+00 0.0000E+00 0.0000000000E+00 0.0000E+00 
Vi Ti 0.1000000000E+03 9.0000000000E+03 0 1.6666666667E+00
10     0  
11     0  
12     0  
13     0 
14     0  
15     0  
16     0
17     0 
18     0
19     0  
20     0  
21     0  
22     0  
23     0 
24     0  
25     0  
26     0  
27     0 
28     0  
29     0 
30     0  
31     0  
32     0
33     0 
34     0  
35     0  
36     0  
37     1 Li2O 
Vi F1 0.0000000000E+04 0.0000E+00 0.0000000000E+01 1.0000E+00 0.0000000000E+00 0.0000E+00 0.0000000000E+00 0.0000E+00 0.0000000000E+00 0.0000E+00 0.0000000000E+00 0.0000E+00 0.0000000000E+00 0.0000E+00 0.0000000000E+00 0.0000E+00 0.0000000000E+00 0.0000E+00 0.0000000000E+00 0.0000E+00
Vi F2 1.0000000000E+00 0.0000E+00 0.0000000000E+00 1.0000E+00 0.0000000000E+00 0.0000E+00 0.0000000000E+00 0.0000E+00
Vi F3 0.0000000000E+00 0.0000E+00 0.0000000000E+00 1.0000E+02 0.0000000000E+00 1.0000E+00 0.0000000000E+00 0.0000E+00 0.0000000000E+00 0.0000E+00 
Vi Ti 0.1000000000E+03 9.0000000000E+03 0 1.6666666667E+00
38     1 Na2O 
Vi F1 0.0000000000E+04 0.0000E+00 0.0000000000E+01 1.0000E+00 0.0000000000E+00 0.0000E+00 0.0000000000E+00 0.0000E+00 0.0000000000E+00 0.0000E+00 0.0000000000E+00 0.0000E+00 0.0000000000E+00 0.0000E+00 0.0000000000E+00 0.0000E+00 0.0000000000E+00 0.0000E+00 0.0000000000E+00 0.0000E+00
Vi F2 1.0000000000E+00 0.0000E+00 0.0000000000E+00 1.0000E+00 0.0000000000E+00 0.0000E+00 0.0000000000E+00 0.0000E+00
Vi F3 0.0000000000E+00 0.0000E+00 0.0000000000E+00 1.0000E+02 0.0000000000E+00 1.0000E+00 0.0000000000E+00 0.0000E+00 0.0000000000E+00 0.0000E+00 
Vi Ti 0.1000000000E+03 9.0000000000E+03 0 1.6666666667E+00 
39     1 K2O  
Vi F1 0.0000000000E+04 0.0000E+00 0.0000000000E+01 1.0000E+00 0.0000000000E+00 0.0000E+00 0.0000000000E+00 0.0000E+00 0.0000000000E+00 0.0000E+00 0.0000000000E+00 0.0000E+00 0.0000000000E+00 0.0000E+00 0.0000000000E+00 0.0000E+00 0.0000000000E+00 0.0000E+00 0.0000000000E+00 0.0000E+00
Vi F2 1.0000000000E+00 0.0000E+00 0.0000000000E+00 1.0000E+00 0.0000000000E+00 0.0000E+00 0.0000000000E+00 0.0000E+00
Vi F3 0.0000000000E+00 0.0000E+00 0.0000000000E+00 1.0000E+02 0.0000000000E+00 1.0000E+00 0.0000000000E+00 0.0000E+00 0.0000000000E+00 0.0000E+00 
Vi Ti 0.1000000000E+03 9.0000000000E+03 0 1.6666666667E+00 
40     1 MgO  
Vi F1 0.0000000000E+04 0.0000E+00 0.0000000000E+01 1.0000E+00 0.0000000000E+00 0.0000E+00 0.0000000000E+00 0.0000E+00 0.0000000000E+00 0.0000E+00 0.0000000000E+00 0.0000E+00 0.0000000000E+00 0.0000E+00 0.0000000000E+00 0.0000E+00 0.0000000000E+00 0.0000E+00 0.0000000000E+00 0.0000E+00
Vi F2 1.0000000000E+00 0.0000E+00 0.0000000000E+00 1.0000E+00 0.0000000000E+00 0.0000E+00 0.0000000000E+00 0.0000E+00
Vi F3 0.0000000000E+00 0.0000E+00 0.0000000000E+00 1.0000E+02 0.0000000000E+00 1.0000E+00 0.0000000000E+00 0.0000E+00 0.0000000000E+00 0.0000E+00 
Vi Ti 0.1000000000E+03 9.0000000000E+03 0 0.6666666667E+00  
41     1 CaO  
Vi F1 0.0000000000E+04 0.0000E+00 0.0000000000E+01 1.0000E+00 0.0000000000E+00 0.0000E+00 0.0000000000E+00 0.0000E+00 0.0000000000E+00 0.0000E+00 0.0000000000E+00 0.0000E+00 0.0000000000E+00 0.0000E+00 0.0000000000E+00 0.0000E+00 0.0000000000E+00 0.0000E+00 0.0000000000E+00 0.0000E+00
Vi F2 1.0000000000E+00 0.0000E+00 0.0000000000E+00 1.0000E+00 0.0000000000E+00 0.0000E+00 0.0000000000E+00 0.0000E+00
Vi F3 0.0000000000E+00 0.0000E+00 0.0000000000E+00 1.0000E+02 0.0000000000E+00 1.0000E+00 0.0000000000E+00 0.0000E+00 0.0000000000E+00 0.0000E+00 
Vi Ti 0.1000000000E+03 9.0000000000E+03 0 0.6666666667E+00 
42     1 Al2O3_5coord
Vi F1 8.6521087028E+04 0.0000E+00 3.1790825471E+01 1.0000E+00 0.0000000000E+00 0.0000E+00 0.0000000000E+00 0.0000E+00 0.0000000000E+00 0.0000E+00 0.0000000000E+00 0.0000E+00 0.0000000000E+00 0.0000E+00 0.0000000000E+00 0.0000E+00 0.0000000000E+00 0.0000E+00 0.0000000000E+00 0.0000E+00
Vi F2 1.0000000000E+00 0.0000E+00 0.0000000000E+00 1.0000E+00 0.0000000000E+00 0.0000E+00 0.0000000000E+00 0.0000E+00
Vi F3 0.0000000000E+00 0.0000E+00 0.0000000000E+00 1.0000E+02 0.0000000000E+00 1.0000E+00 0.0000000000E+00 0.0000E+00 0.0000000000E+00 0.0000E+00 
Vi Ti 0.1000000000E+03 9.0000000000E+03 0 1.0000000000E+00
43     1 Al2O3_4coord
Vi F1 8.6521087028E+04 0.0000E+00 3.1790825471E+01 1.0000E+00 0.0000000000E+00 0.0000E+00 0.0000000000E+00 0.0000E+00 0.0000000000E+00 0.0000E+00 0.0000000000E+00 0.0000E+00 0.0000000000E+00 0.0000E+00 0.0000000000E+00 0.0000E+00 0.0000000000E+00 0.0000E+00 0.0000000000E+00 0.0000E+00
Vi F2 1.0000000000E+00 0.0000E+00 0.0000000000E+00 1.0000E+00 0.0000000000E+00 0.0000E+00 0.0000000000E+00 0.0000E+00
Vi F3 0.0000000000E+00 0.0000E+00 0.0000000000E+00 1.0000E+02 0.0000000000E+00 1.0000E+00 0.0000000000E+00 0.0000E+00 0.0000000000E+00 0.0000E+00 
Vi Ti 0.1000000000E+03 9.0000000000E+03 0 1.0000000000E+00
44     1 Al2O3-dim   
Vi F1 8.6521087028E+04 0.0000E+00 3.1790825471E+01 1.0000E+00 0.0000000000E+00 0.0000E+00 0.0000000000E+00 0.0000E+00 0.0000000000E+00 0.0000E+00 0.0000000000E+00 0.0000E+00 0.0000000000E+00 0.0000E+00 0.0000000000E+00 0.0000E+00 0.0000000000E+00 0.0000E+00 0.0000000000E+00 0.0000E+00
Vi F2 1.0000000000E+00 0.0000E+00 0.0000000000E+00 1.0000E+00 0.0000000000E+00 0.0000E+00 0.0000000000E+00 0.0000E+00
Vi F3 0.0000000000E+00 0.0000E+00 0.0000000000E+00 1.0000E+02 0.0000000000E+00 1.0000E+00 0.0000000000E+00 0.0000E+00 0.0000000000E+00 0.0000E+00 
Vi Ti 0.1000000000E+03 9.0000000000E+03 0 1.0000000000E+00
45     1 SiO2 
Vi F1 0.0000000000E+04 0.0000E+00 0.0000000000E+01 1.0000E+00 0.0000000000E+00 0.0000E+00 0.0000000000E+00 0.0000E+00 0.0000000000E+00 0.0000E+00 0.0000000000E+00 0.0000E+00 0.0000000000E+00 0.0000E+00 0.0000000000E+00 0.0000E+00 0.0000000000E+00 0.0000E+00 0.0000000000E+00 0.0000E+00
Vi F2 1.0000000000E+00 0.0000E+00 0.0000000000E+00 1.0000E+00 0.0000000000E+00 0.0000E+00 0.0000000000E+00 0.0000E+00
Vi F3 0.0000000000E+00 0.0000E+00 0.0000000000E+00 1.0000E+02 0.0000000000E+00 1.0000E+00 0.0000000000E+00 0.0000E+00 0.0000000000E+00 0.0000E+00 
Vi Ti 0.1000000000E+03 9.0000000000E+03 0 1.0000000000E+00 
46     0  
47     0
48     0  
49     0   
50     0  
51     0  
52     0  
53     0 
54     0  
55     0  
56     0  
57     0 
58     0
59     0  
60     0
61     0  
62     0  
63     0 
64     0  
65     0  
66     0  
67     0 
68     0  
69     0  
70     0  
71     0  
72     0
73     0
74     0
75     0
76     0
77     0
78     0
79     0
80     0  
81     0  
82     0
83     0
84     0
85     0
86     0
87     0
88     0
89     0
90     0  
91     0  
92     0
93     0
94     0
95     0
96     0
97     0
98     0
99     0
00     0  
01     0  
02     0
03     0
04     0
05     0
06     0
07     0
08     0
09     0
10     0
11     0
12     0  
13     0  
14     0
15     0
16     0
17     0
18     0
19     0
20     0
21     0
22     0
23     0
24     0
25     0
ViP 29 32 22 22  0  0 0 0 0 0 8.65210870E+04 3.17908255E+01 0.00000000E+00 0.00000000E+00 0.00000000E+00 0.00000000E+00
 1.00000000E+00  0.0 0.00000000E+00  0.0 0.00000000E+00  0.0 0.00000000E+00  0.0 0.00000000E+00  0.0 0.00000000E+00  0.0
ViP  2 15  6  6  0  0 0 0 0 0 3.51072892E+04 2.61523000E+01 0.00000000E+00 0.00000000E+00 0.00000000E+00 0.00000000E+00
 1.00000000E+00  0.0 0.00000000E+00  0.0 0.00000000E+00  0.0 0.00000000E+00  0.0 0.00000000E+00  0.0 0.00000000E+00  0.0
ViP  2 29  6  6  0  0 0 0 0 0 6.12258343E+03 2.81356093E+01 0.00000000E+00 0.00000000E+00 0.00000000E+00 0.00000000E+00
 1.00000000E+00  0.0 0.00000000E+00  0.0 0.00000000E+00  0.0 0.00000000E+00  0.0 0.00000000E+00  0.0 0.00000000E+00  0.0
ViP  2 32  6  6  0  0 0 0 0 0 4.04559269E+04 1.76716986E+01 0.00000000E+00 0.00000000E+00 0.00000000E+00 0.00000000E+00
 1.00000000E+00  0.0 0.00000000E+00  0.0 0.00000000E+00  0.0 0.00000000E+00  0.0 0.00000000E+00  0.0 0.00000000E+00  0.0
ViP  2 31  6  6  0  0 0 0 0 0 0.00000000E+00 0.00000000E+01 0.00000000E+00 0.00000000E+00 0.00000000E+00 0.00000000E+00
 1.00000000E+00  0.0 0.00000000E+00  0.0 0.00000000E+00  0.0 0.00000000E+00  0.0 0.00000000E+00  0.0 0.00000000E+00  0.0
ViP 29 32  6  6  0  0 0 0 0 0 0.00000000E+00 0.00000000E+01 0.00000000E+00 0.00000000E+00 0.00000000E+00 0.00000000E+00
 1.00000000E+00  0.0 0.00000000E+00  0.0 0.00000000E+00  0.0 0.00000000E+00  0.0 0.00000000E+00  0.0 0.00000000E+00  0.0
ViP  2 29  6 22  0  0 0 0 0 0 2.94176412E+04 3.36304457E+01 0.00000000E+00 0.00000000E+00 0.00000000E+00 0.00000000E+00
 1.00000000E+00  0.0 0.00000000E+00  0.0 0.00000000E+00  0.0 0.00000000E+00  0.0 0.00000000E+00  0.0 0.00000000E+00  0.0
ViP 15 29  6  6  0  0 0 0 0 0 1.14665023E+03 2.61523000E+01 0.00000000E+00 0.00000000E+00 0.00000000E+00 0.00000000E+00
 1.00000000E+00  0.0 0.00000000E+00  0.0 0.00000000E+00  0.0 0.00000000E+00  0.0 0.00000000E+00  0.0 0.00000000E+00  0.0
ViP 15 32  6  6  0  0 0 0 0 0 1.14665023E+03 2.61523000E+01 0.00000000E+00 0.00000000E+00 0.00000000E+00 0.00000000E+00
 1.00000000E+00  0.0 0.00000000E+00  0.0 0.00000000E+00  0.0 0.00000000E+00  0.0 0.00000000E+00  0.0 0.00000000E+00  0.0
ViP  1  2  6  6  0  0 0 0 0 0 1.46217583E+04 1.58024415E+01 0.00000000E+00 0.00000000E+00 0.00000000E+00 0.00000000E+00
 1.00000000E+00  0.0 0.00000000E+00  0.0 0.00000000E+00  0.0 0.00000000E+00  0.0 0.00000000E+00  0.0 0.00000000E+00  0.0
ViP  1 29  6  6  0  0 0 0 0 0 2.69492318E+04 1.94796832E+01 0.00000000E+00 0.00000000E+00 0.00000000E+00 0.00000000E+00
 1.00000000E+00  0.0 0.00000000E+00  0.0 0.00000000E+00  0.0 0.00000000E+00  0.0 0.00000000E+00  0.0 0.00000000E+00  0.0
ViP  1 32  6  6  0  0 0 0 0 0 8.43626750E+04-2.19318598E+01 0.00000000E+00 0.00000000E+00 0.00000000E+00 0.00000000E+00
 1.00000000E+00  0.0 0.00000000E+00  0.0 0.00000000E+00  0.0 0.00000000E+00  0.0 0.00000000E+00  0.0 0.00000000E+00  0.0
ViP  1 29  6 22  0  0 0 0 0 0 9.51965912E+04 2.95648000E+01 0.00000000E+00 0.00000000E+00 0.00000000E+00 0.00000000E+00
 1.00000000E+00  0.0 0.00000000E+00  0.0 0.00000000E+00  0.0 0.00000000E+00  0.0 0.00000000E+00  0.0 0.00000000E+00  0.0
ViP  1 15  6  6  0  0 0 0 0 0 2.70922438E+03 2.29907000E+01 0.00000000E+00 0.00000000E+00 0.00000000E+00 0.00000000E+00
 1.00000000E+00  0.0 0.00000000E+00  0.0 0.00000000E+00  0.0 0.00000000E+00  0.0 0.00000000E+00  0.0 0.00000000E+00  0.0
ViP  2 14  6  6  0  0 0 0 0 0 3.67730687E+04 1.40168440E+01 0.00000000E+00 0.00000000E+00 0.00000000E+00 0.00000000E+00
 1.00000000E+00  0.0 0.00000000E+00  0.0 0.00000000E+00  0.0 0.00000000E+00  0.0 0.00000000E+00  0.0 0.00000000E+00  0.0
ViP 14 29  6  6  0  0 0 0 0 0 2.53923367E+05 2.61523000E+01 0.00000000E+00 0.00000000E+00 0.00000000E+00 0.00000000E+00
 1.00000000E+00  0.0 0.00000000E+00  0.0 0.00000000E+00  0.0 0.00000000E+00  0.0 0.00000000E+00  0.0 0.00000000E+00  0.0
ViP 14 32  6  6  0  0 0 0 0 0 2.53923367E+05 2.61523000E+01 0.00000000E+00 0.00000000E+00 0.00000000E+00 0.00000000E+00
 1.00000000E+00  0.0 0.00000000E+00  0.0 0.00000000E+00  0.0 0.00000000E+00  0.0 0.00000000E+00  0.0 0.00000000E+00  0.0
ViP 14 15  6  6  0  0 0 0 0 0 3.00000000E+04 2.00000000E+01 0.00000000E+00 0.00000000E+00 0.00000000E+00 0.00000000E+00
 1.00000000E+00  0.0 0.00000000E+00  0.0 0.00000000E+00  0.0 0.00000000E+00  0.0 0.00000000E+00  0.0 0.00000000E+00  0.0
ViP  1 14  6  6  0  0 0 0 0 0 2.48632000E+04 2.10533000E+01 0.00000000E+00 0.00000000E+00 0.00000000E+00 0.00000000E+00
 1.00000000E+00  0.0 0.00000000E+00  0.0 0.00000000E+00  0.0 0.00000000E+00  0.0 0.00000000E+00  0.0 0.00000000E+00  0.0
ENDF    1
FILE   11Liqu  NOV 2012       99  6  0  1  0  0 99 0.00000000E+00 0.00000000E+00   4.000 10 10     0
Liquid-Alloy  Liquid light-metal Al,Li,C,Na,Mg,Ca
Use [I]-option   
 1Al                          113 0 0 0 0 0 0 0 1 0 0 0 0 0 0 0 0.10E+01  0  4 99 0.000E+00
 2C                           1 6 0 0 0 0 0 0 0 1 0 0 0 0 0 0 0 0.10E+01  0 15 99 0.000E+00
 3Ca                          120 0 0 0 0 0 0 0 1 0 0 0 0 0 0 0 0.10E+01  0 16 99 0.000E+00
 4Li                          1 3 0 0 0 0 0 0 0 1 0 0 0 0 0 0 0 0.10E+01  0 44 99 0.000E+00
 5Mg                          112 0 0 0 0 0 0 0 1 0 0 0 0 0 0 0 0.10E+01  0 46 99 0.000E+00
 6Na                          111 0 0 0 0 0 0 0 1 0 0 0 0 0 0 0 0.10E+01  0 50 99 0.000E+00
 1QQQQQQQQQQQQ 1 1 1
 2QQQQQQQQQQQQ 1 1 1
 3QQQQQQQQQQQQ 1 1 1
 4Al           1 1 1
 5QQQQQQQQQQQQ 1 1 1
 6QQQQQQQQQQQQ 1 1 1
 7QQQQQQQQQQQQ 1 1 1
 8QQQQQQQQQQQQ 1 1 1
 9QQQQQQQQQQQQ 1 1 1
10QQQQQQQQQQQQ 1 1 1
11QQQQQQQQQQQQ 1 1 1
12QQQQQQQQQQQQ 1 1 1
13QQQQQQQQQQQQ 1 1 1
14QQQQQQQQQQQQ 1 2 1
15C            1 1 1
16Ca           1 1 1
17QQQQQQQQQQQQ 1 1 1
18QQQQQQQQQQQQ 1 1 1
19QQQQQQQQQQQQ 1 2 1
20QQQQQQQQQQQQ 1 1 1
21QQQQQQQQQQQQ 1 1 1
22QQQQQQQQQQQQ 1 1 1
23QQQQQQQQQQQQ 1 1 1
24QQQQQQQQQQQQ 1 1 1
25QQQQQQQQQQQQ 1 1 1
26QQQQQQQQQQQQ 1 1 1
27QQQQQQQQQQQQ 1 2 1
28QQQQQQQQQQQQ 1 1 1
29QQQQQQQQQQQQ 1 1 1
30QQQQQQQQQQQQ 1 1 1
31QQQQQQQQQQQQ 1 1 1
32QQQQQQQQQQQQ 1 1 1
33QQQQQQQQQQQQ 1 2 1
34QQQQQQQQQQQQ 1 1 1
35QQQQQQQQQQQQ 1 1 1
36QQQQQQQQQQQQ 1 1 1
37QQQQQQQQQQQQ 1 1 1
38QQQQQQQQQQQQ 1 2 1
39QQQQQQQQQQQQ 1 1 1
40QQQQQQQQQQQQ 1 1 1
41QQQQQQQQQQQQ 1 1 1
42QQQQQQQQQQQQ 1 1 1
43QQQQQQQQQQQQ 1 1 1
44Li           1 1 1
45QQQQQQQQQQQQ 1 1 1
46Mg           1 1 1
47QQQQQQQQQQQQ 1 1 1
48QQQQQQQQQQQQ 1 1 1
49QQQQQQQQQQQQ 1 1 1
50Na           1 1 1
51QQQQQQQQQQQQ 1 1 1
52QQQQQQQQQQQQ 1 1 1
53QQQQQQQQQQQQ 1 1 1
54QQQQQQQQQQQQ 1 1 1
55QQQQQQQQQQQQ 1 1 1
56QQQQQQQQQQQQ 1 2 1
57QQQQQQQQQQQQ 1 1 1
58QQQQQQQQQQQQ 1 1 1
59QQQQQQQQQQQQ 1 1 1
60QQQQQQQQQQQQ 1 1 1
61QQQQQQQQQQQQ 1 1 1
62QQQQQQQQQQQQ 1 1 1
63QQQQQQQQQQQQ 1 1 1
64QQQQQQQQQQQQ 1 1 1
65QQQQQQQQQQQQ 1 1 1
66QQQQQQQQQQQQ 1 1 1
67QQQQQQQQQQQQ 1 1 1
68QQQQQQQQQQQQ 1 1 1
69QQQQQQQQQQQQ 1 1 1
70QQQQQQQQQQQQ 1 1 1
71QQQQQQQQQQQQ 1 1 1
72QQQQQQQQQQQQ 1 1 1
73QQQQQQQQQQQQ 1 2 1
74QQQQQQQQQQQQ 1 1 1
75QQQQQQQQQQQQ 1 1 1
76QQQQQQQQQQQQ 1 1 1
77QQQQQQQQQQQQ 1 1 1
78QQQQQQQQQQQQ 1 1 1
79QQQQQQQQQQQQ 1 1 1
80QQQQQQQQQQQQ 1 1 1
81QQQQQQQQQQQQ 1 1 1
82QQQQQQQQQQQQ 1 1 1
83QQQQQQQQQQQQ 1 1 1
84QQQQQQQQQQQQ 1 1 1
85QQQQQQQQQQQQ 1 1 1
86QQQQQQQQQQQQ 1 1 1
87QQQQQQQQQQQQ 1 1 1
88QQQQQQQQQQQQ 1 1 1
89QQQQQQQQQQQQ 1 1 1
90QQQQQQQQQQQQ 1 1 1
91QQQQQQQQQQQQ 1 1 1
92QQQQQQQQQQQQ 1 1 1
93QQQQQQQQQQQQ 1 1 1
94QQQQQQQQQQQQ 1 1 1
95QQQQQQQQQQQQ 1 1 1
96QQQQQQQQQQQQ 1 1 1
97QQQQQQQQQQQQ 1 1 1
98QQQQQQQQQQQQ 1 1 1
99Va           2 1 1
  4  4 99 99 0.60000000E+01 0.60000000E+01 0.60000000E+01 0.60000000E+01
 15 15 99 99 0.60000000E+01 0.60000000E+01 0.60000000E+01 0.60000000E+01
 16 16 99 99 0.60000000E+01 0.60000000E+01 0.60000000E+01 0.60000000E+01
 44 44 99 99 0.60000000E+01 0.60000000E+01 0.60000000E+01 0.60000000E+01
 46 46 99 99 0.60000000E+01 0.60000000E+01 0.60000000E+01 0.60000000E+01
 50 50 99 99 0.60000000E+01 0.60000000E+01 0.60000000E+01 0.60000000E+01
  4 16 99 99 0.30000000E+01 0.60000000E+01 0.40000000E+01 0.40000000E+01
 16 46 99 99 0.60000000E+01 0.60000000E+01 0.60000000E+01 0.60000000E+01
  4 44 99 99 0.20000000E+01 0.20000000E+01 0.20000000E+01 0.20000000E+01
 44 46 99 99 0.60000000E+01 0.40000000E+01 0.48000000E+01 0.48000000E+01
 1     1 Al (Shima 18/2/2008)
Vi F1 1.1776910000E+04 0.0000E+00 1.6840000000E+01 1.0000E+00 0.0000000000E+01-1.0000E+00 0.0000000000E+00-2.0000E+00 0.0000000000E+00 0.0000E+00 0.0000000000E+00 0.0000E+00 0.0000000000E+00 0.0000E+00 0.0000000000E+00 0.0000E+00 0.0000000000E+00 0.0000E+00 0.0000000000E+00 0.0000E+00
Vi F2 1.0000000000E+00 0.0000E+00 0.0000000000E+00 1.0000E+00 0.0000000000E+00 0.0000E+00 0.0000000000E+00 0.0000E+00
Vi F3 0.0000000000E+00 0.0000E+00 0.0000000000E+00 0.0000E+00 0.0000000000E+00 0.0000E+00 0.0000000000E+00 0.0000E+00 0.0000000000E+00 0.0000E+00
Vi Ti 0.1000000000E+03 9.0000000000E+03 0 1.0000000000E+00
 2     0  
 3     0  
 4     0  
 5     1 Mg (refitted as G* with 1/Vm) [2007Cha]
Vi F1 1.7824430000E+04 0.0000E+00 1.3110000000E+01 1.0000E+00 3.4190000000E+01-1.0000E+00 0.0000000000E+00 0.0000E+00 0.0000000000E+00 0.0000E+00 0.0000000000E+00 0.0000E+00 0.0000000000E+00 0.0000E+00 0.0000000000E+00 0.0000E+00 0.0000000000E+00 0.0000E+00 0.0000000000E+00 0.0000E+00
Vi F2 1.0000000000E+00 0.0000E+00 0.0000000000E+00 1.0000E+00 0.0000000000E+00 0.0000E+00 0.0000000000E+00 0.0000E+00
Vi F3 0.0000000000E+00 0.0000E+00 0.0000000000E+00 1.0000E+02 0.0000000000E+01 1.0000E+00 0.0000000000E+00 0.0000E+00 0.0000000000E+00 0.0000E+00
Vi Ti 0.1000000000E+03 9.0000000000E+03 0 1.0000000000E+00
 6     0 
ViP  4 46 99 99  0  0 0 0 0 0 1.48006700E+04 1.49750000E+01 0.00000000E+00 0.00000000E+00 0.00000000E+00 0.00000000E+00      Al-Mg [2007Cha] average G*
 1.00000000E+00  0.0 0.00000000E+00  0.0 0.00000000E+00  0.0 0.00000000E+00  0.0 0.00000000E+00  0.0 0.00000000E+00  0.0
ENDF   11