FILE    1Liqu                 99 55  0136  0  0 99 0.00000000E+00 0.00000000E+00   4.000 96 290  119
Liquid metal [I]

 1Ag                          147 0 0 0 0 0 0 0 1 0 0 0 0 0 0 0 0.10E+01  0  3 99 0.000E+00
 2Al                          113 0 0 0 0 0 0 0 1 0 0 0 0 0 0 0 0.10E+01  0  4 99 0.000E+00
 3As                          133 0 0 0 0 0 0 0 1 0 0 0 0 0 0 0 0.10E+01  0  7 99 0.000E+00
 4Au                          179 0 0 0 0 0 0 0 1 0 0 0 0 0 0 0 0.10E+01  0  9 99 0.000E+00
 5B                           1 5 0 0 0 0 0 0 0 1 0 0 0 0 0 0 0 0.10E+01  0 10 99 0.000E+00
 6Ba                          156 0 0 0 0 0 0 0 1 0 0 0 0 0 0 0 0.10E+01  0 11 99 0.000E+00
 7Be                          1 4 0 0 0 0 0 0 0 1 0 0 0 0 0 0 0 0.10E+01  0 12 99 0.000E+00
 8Bi                          183 0 0 0 0 0 0 0 1 0 0 0 0 0 0 0 0.10E+01  0 13 99 0.000E+00
 9C                           1 6 0 0 0 0 0 0 0 1 0 0 0 0 0 0 0 0.10E+01  0 15 99 0.000E+00
10Ca                          120 0 0 0 0 0 0 0 1 0 0 0 0 0 0 0 0.10E+01  0 16 99 0.000E+00
11Ce                          158 0 0 0 0 0 0 0 1 0 0 0 0 0 0 0 0.10E+01  0 18 99 0.000E+00
12Co                          127 0 0 0 0 0 0 0 1 0 0 0 0 0 0 0 0.10E+01  0 20 99 0.000E+00
13Cr                          124 0 0 0 0 0 0 0 1 0 0 0 0 0 0 0 0.10E+01  0 21 99 0.000E+00
14Cu                          129 0 0 0 0 0 0 0 1 0 0 0 0 0 0 0 0.10E+01  0 23 99 0.000E+00
15Dy                          166 0 0 0 0 0 0 0 1 0 0 0 0 0 0 0 0.10E+01  0 24 99 0.000E+00
16Er                          168 0 0 0 0 0 0 0 1 0 0 0 0 0 0 0 0.10E+01  0 25 99 0.000E+00
17Eu                          163 0 0 0 0 0 0 0 1 0 0 0 0 0 0 0 0.10E+01  0 26 99 0.000E+00
18Fe                          126 0 0 0 0 0 0 0 1 0 0 0 0 0 0 0 0.10E+01  0 28 99 0.000E+00
19Ga                          131 0 0 0 0 0 0 0 1 0 0 0 0 0 0 0 0.10E+01  0 30 99 0.000E+00
20Gd                          164 0 0 0 0 0 0 0 1 0 0 0 0 0 0 0 0.10E+01  0 31 99 0.000E+00
21Ge                          132 0 0 0 0 0 0 0 1 0 0 0 0 0 0 0 0.10E+01  0 32 99 0.000E+00
22H                           1 1 0 0 0 0 0 0 0 1 0 0 0 0 0 0 0 0.10E+01  0 33 99 0.000E+00
23Hf                          172 0 0 0 0 0 0 0 1 0 0 0 0 0 0 0 0.10E+01  0 35 99 0.000E+00
24Ho                          167 0 0 0 0 0 0 0 1 0 0 0 0 0 0 0 0.10E+01  0 37 99 0.000E+00
25In                          149 0 0 0 0 0 0 0 1 0 0 0 0 0 0 0 0.10E+01  0 39 99 0.000E+00
26K                           119 0 0 0 0 0 0 0 1 0 0 0 0 0 0 0 0.10E+01  0 41 99 0.000E+00
27La                          157 0 0 0 0 0 0 0 1 0 0 0 0 0 0 0 0.10E+01  0 43 99 0.000E+00
28Li                          1 3 0 0 0 0 0 0 0 1 0 0 0 0 0 0 0 0.10E+01  0 44 99 0.000E+00
29Lu                          171 0 0 0 0 0 0 0 1 0 0 0 0 0 0 0 0.10E+01  0 45 99 0.000E+00
30Mg                          112 0 0 0 0 0 0 0 1 0 0 0 0 0 0 0 0.10E+01  0 46 99 0.000E+00
31Mn                          125 0 0 0 0 0 0 0 1 0 0 0 0 0 0 0 0.10E+01  0 47 99 0.000E+00
32N                           1 7 0 0 0 0 0 0 0 1 0 0 0 0 0 0 0 0.10E+01  0 49 99 0.000E+00
33Na                          111 0 0 0 0 0 0 0 1 0 0 0 0 0 0 0 0.10E+01  0 50 99 0.000E+00
34Nb                          141 0 0 0 0 0 0 0 1 0 0 0 0 0 0 0 0.10E+01  0 51 99 0.000E+00
35Nd                          160 0 0 0 0 0 0 0 1 0 0 0 0 0 0 0 0.10E+01  0 52 99 0.000E+00
36Ni                          128 0 0 0 0 0 0 0 1 0 0 0 0 0 0 0 0.10E+01  0 54 99 0.000E+00
37P                           115 0 0 0 0 0 0 0 1 0 0 0 0 0 0 0 0.10E+01  0 58 99 0.000E+00
38Pb                          182 0 0 0 0 0 0 0 1 0 0 0 0 0 0 0 0.10E+01  0 60 99 0.000E+00
39Pr                          159 0 0 0 0 0 0 0 1 0 0 0 0 0 0 0 0.10E+01  0 64 99 0.000E+00
40Sb                          151 0 0 0 0 0 0 0 1 0 0 0 0 0 0 0 0.10E+01  0 74 99 0.000E+00
41Sc                          121 0 0 0 0 0 0 0 1 0 0 0 0 0 0 0 0.10E+01  0 75 99 0.000E+00
42Si                          114 0 0 0 0 0 0 0 1 0 0 0 0 0 0 0 0.10E+01  0 77 99 0.000E+00
43Sm                          162 0 0 0 0 0 0 0 1 0 0 0 0 0 0 0 0.10E+01  0 78 99 0.000E+00
44Sn                          150 0 0 0 0 0 0 0 1 0 0 0 0 0 0 0 0.10E+01  0 79 99 0.000E+00
45Sr                          138 0 0 0 0 0 0 0 1 0 0 0 0 0 0 0 0.10E+01  0 80 99 0.000E+00
46Ta                          173 0 0 0 0 0 0 0 1 0 0 0 0 0 0 0 0.10E+01  0 81 99 0.000E+00
47Tb                          165 0 0 0 0 0 0 0 1 0 0 0 0 0 0 0 0.10E+01  0 82 99 0.000E+00
48Ti                          122 0 0 0 0 0 0 0 1 0 0 0 0 0 0 0 0.10E+01  0 86 99 0.000E+00
49Tm                          169 0 0 0 0 0 0 0 1 0 0 0 0 0 0 0 0.10E+01  0 88 99 0.000E+00
50V                           123 0 0 0 0 0 0 0 1 0 0 0 0 0 0 0 0.10E+01  0 90 99 0.000E+00
51W                           174 0 0 0 0 0 0 0 1 0 0 0 0 0 0 0 0.10E+01  0 91 99 0.000E+00
52Y                           139 0 0 0 0 0 0 0 1 0 0 0 0 0 0 0 0.10E+01  0 93 99 0.000E+00
53Yb                          170 0 0 0 0 0 0 0 1 0 0 0 0 0 0 0 0.10E+01  0 94 99 0.000E+00
54Zn                          130 0 0 0 0 0 0 0 1 0 0 0 0 0 0 0 0.10E+01  0 95 99 0.000E+00
55Zr                          140 0 0 0 0 0 0 0 1 0 0 0 0 0 0 0 0.10E+01  0 96 99 0.000E+00
 1Ac           1 1 1
 2Dump         1 1 1
 3Ag           1 1 1
 4Al           1 1 1
 5Am           1 1 1
 6Ar           1 1 1
 7As           1 1 1
 8At           1 1 1
 9Au           1 1 1
10B            1 1 1
11Ba           1 1 1
12Be           1 1 1
13Bi           1 1 1
14Br           1 2 1
15C            1 1 1
16Ca           1 1 1
17Cd           1 1 1
18Ce           1 1 1
19Cl           1 2 1
20Co           1 1 1
21Cr           1 1 1
22Cs           1 1 1
23Cu           1 1 1
24Dy           1 1 1
25Er           1 1 1
26Eu           1 1 1
27F            1 2 1
28Fe           1 1 1
29Fr           1 1 1
30Ga           1 1 1
31Gd           1 1 1
32Ge           1 1 1
33H            1 2 1
34He           1 1 1
35Hf           1 1 1
36Hg           1 1 1
37Ho           1 1 1
38I            1 2 1
39In           1 1 1
40Ir           1 1 1
41K            1 1 1
42Kr           1 1 1
43La           1 1 1
44Li           1 1 1
45Lu           1 1 1
46Mg           1 1 1
47Mn           1 1 1
48Mo           1 1 1
49N            1 1 1
50Na           1 1 1
51Nb           1 1 1
52Nd           1 1 1
53Ne           1 1 1
54Ni           1 1 1
55Np           1 1 1
56O            1 2 1
57Os           1 1 1
58P            1 1 1
59Pa           1 1 1
60Pb           1 1 1
61Pd           1 1 1
62Pm           1 1 1
63Po           1 1 1
64Pr           1 1 1
65Pt           1 1 1
66Pu           1 1 1
67Ra           1 1 1
68Rb           1 1 1
69Re           1 1 1
70Rh           1 1 1
71Rn           1 1 1
72Ru           1 1 1
73S            1 2 1
74Sb           1 1 1
75Sc           1 1 1
76Se           1 1 1
77Si           1 1 1
78Sm           1 1 1
79Sn           1 1 1
80Sr           1 1 1
81Ta           1 1 1
82Tb           1 1 1
83Tc           1 1 1
84Te           1 1 1
85Th           1 1 1
86Ti           1 1 1
87Tl           1 1 1
88Tm           1 1 1
89U            1 1 1
90V            1 1 1
91W            1 1 1
92Xe           1 1 1
93Y            1 1 1
94Yb           1 1 1
95Zn           1 1 1
96Zr           1 1 1
97CaO          1 1 1
98Dump         1 1 1
99Va           2 1 1
  1  1 99 99 0.60000000E+01 0.60000000E+01 0.60000000E+01 0.60000000E+01
  3  3 99 99 0.60000000E+01 0.60000000E+01 0.60000000E+01 0.60000000E+01
  4  4 99 99 0.60000000E+01 0.60000000E+01 0.60000000E+01 0.60000000E+01
  5  5 99 99 0.60000000E+01 0.60000000E+01 0.60000000E+01 0.60000000E+01
  6  6 99 99 0.60000000E+01 0.60000000E+01 0.60000000E+01 0.60000000E+01
  7  7 99 99 0.60000000E+01 0.60000000E+01 0.60000000E+01 0.60000000E+01
  8  8 99 99 0.60000000E+01 0.60000000E+01 0.60000000E+01 0.60000000E+01
  9  9 99 99 0.60000000E+01 0.60000000E+01 0.60000000E+01 0.60000000E+01
 10 10 99 99 0.60000000E+01 0.60000000E+01 0.60000000E+01 0.60000000E+01
 11 11 99 99 0.60000000E+01 0.60000000E+01 0.60000000E+01 0.60000000E+01
 12 12 99 99 0.60000000E+01 0.60000000E+01 0.60000000E+01 0.60000000E+01
 13 13 99 99 0.60000000E+01 0.60000000E+01 0.60000000E+01 0.60000000E+01
 14 14 99 99 0.60000000E+01 0.60000000E+01 0.60000000E+01 0.60000000E+01
 15 15 99 99 0.60000000E+01 0.60000000E+01 0.60000000E+01 0.60000000E+01
 16 16 99 99 0.60000000E+01 0.60000000E+01 0.60000000E+01 0.60000000E+01
 17 17 99 99 0.60000000E+01 0.60000000E+01 0.60000000E+01 0.60000000E+01
 18 18 99 99 0.60000000E+01 0.60000000E+01 0.60000000E+01 0.60000000E+01
 19 19 99 99 0.60000000E+01 0.60000000E+01 0.60000000E+01 0.60000000E+01
 20 20 99 99 0.60000000E+01 0.60000000E+01 0.60000000E+01 0.60000000E+01
 21 21 99 99 0.60000000E+01 0.60000000E+01 0.60000000E+01 0.60000000E+01
 22 22 99 99 0.60000000E+01 0.60000000E+01 0.60000000E+01 0.60000000E+01
 23 23 99 99 0.60000000E+01 0.60000000E+01 0.60000000E+01 0.60000000E+01
 24 24 99 99 0.60000000E+01 0.60000000E+01 0.60000000E+01 0.60000000E+01
 25 25 99 99 0.60000000E+01 0.60000000E+01 0.60000000E+01 0.60000000E+01
 26 26 99 99 0.60000000E+01 0.60000000E+01 0.60000000E+01 0.60000000E+01
 27 27 99 99 0.60000000E+01 0.60000000E+01 0.60000000E+01 0.60000000E+01
 28 28 99 99 0.60000000E+01 0.60000000E+01 0.60000000E+01 0.60000000E+01
 29 29 99 99 0.60000000E+01 0.60000000E+01 0.60000000E+01 0.60000000E+01
 30 30 99 99 0.60000000E+01 0.60000000E+01 0.60000000E+01 0.60000000E+01
 31 31 99 99 0.60000000E+01 0.60000000E+01 0.60000000E+01 0.60000000E+01
 32 32 99 99 0.60000000E+01 0.60000000E+01 0.60000000E+01 0.60000000E+01
 33 33 99 99 0.60000000E+01 0.60000000E+01 0.60000000E+01 0.60000000E+01
 34 34 99 99 0.60000000E+01 0.60000000E+01 0.60000000E+01 0.60000000E+01
 35 35 99 99 0.60000000E+01 0.60000000E+01 0.60000000E+01 0.60000000E+01
 36 36 99 99 0.60000000E+01 0.60000000E+01 0.60000000E+01 0.60000000E+01
 37 37 99 99 0.60000000E+01 0.60000000E+01 0.60000000E+01 0.60000000E+01
 38 38 99 99 0.60000000E+01 0.60000000E+01 0.60000000E+01 0.60000000E+01
 39 39 99 99 0.60000000E+01 0.60000000E+01 0.60000000E+01 0.60000000E+01
 40 40 99 99 0.60000000E+01 0.60000000E+01 0.60000000E+01 0.60000000E+01
 41 41 99 99 0.60000000E+01 0.60000000E+01 0.60000000E+01 0.60000000E+01
 42 42 99 99 0.60000000E+01 0.60000000E+01 0.60000000E+01 0.60000000E+01
 43 43 99 99 0.60000000E+01 0.60000000E+01 0.60000000E+01 0.60000000E+01
 44 44 99 99 0.60000000E+01 0.60000000E+01 0.60000000E+01 0.60000000E+01
 45 45 99 99 0.60000000E+01 0.60000000E+01 0.60000000E+01 0.60000000E+01
 46 46 99 99 0.60000000E+01 0.60000000E+01 0.60000000E+01 0.60000000E+01
 47 47 99 99 0.60000000E+01 0.60000000E+01 0.60000000E+01 0.60000000E+01
 48 48 99 99 0.60000000E+01 0.60000000E+01 0.60000000E+01 0.60000000E+01
 49 49 99 99 0.60000000E+01 0.60000000E+01 0.60000000E+01 0.60000000E+01
 50 50 99 99 0.60000000E+01 0.60000000E+01 0.60000000E+01 0.60000000E+01
 51 51 99 99 0.60000000E+01 0.60000000E+01 0.60000000E+01 0.60000000E+01
 52 52 99 99 0.60000000E+01 0.60000000E+01 0.60000000E+01 0.60000000E+01
 53 53 99 99 0.60000000E+01 0.60000000E+01 0.60000000E+01 0.60000000E+01
 54 54 99 99 0.60000000E+01 0.60000000E+01 0.60000000E+01 0.60000000E+01
 55 55 99 99 0.60000000E+01 0.60000000E+01 0.60000000E+01 0.60000000E+01
 56 56 99 99 0.60000000E+01 0.60000000E+01 0.60000000E+01 0.60000000E+01
 57 57 99 99 0.60000000E+01 0.60000000E+01 0.60000000E+01 0.60000000E+01
 58 58 99 99 0.60000000E+01 0.60000000E+01 0.60000000E+01 0.60000000E+01
 59 59 99 99 0.60000000E+01 0.60000000E+01 0.60000000E+01 0.60000000E+01
 60 60 99 99 0.60000000E+01 0.60000000E+01 0.60000000E+01 0.60000000E+01
 61 61 99 99 0.60000000E+01 0.60000000E+01 0.60000000E+01 0.60000000E+01
 62 62 99 99 0.60000000E+01 0.60000000E+01 0.60000000E+01 0.60000000E+01
 63 63 99 99 0.60000000E+01 0.60000000E+01 0.60000000E+01 0.60000000E+01
 64 64 99 99 0.60000000E+01 0.60000000E+01 0.60000000E+01 0.60000000E+01
 65 65 99 99 0.60000000E+01 0.60000000E+01 0.60000000E+01 0.60000000E+01
 66 66 99 99 0.60000000E+01 0.60000000E+01 0.60000000E+01 0.60000000E+01
 67 67 99 99 0.60000000E+01 0.60000000E+01 0.60000000E+01 0.60000000E+01
 68 68 99 99 0.60000000E+01 0.60000000E+01 0.60000000E+01 0.60000000E+01
 69 69 99 99 0.60000000E+01 0.60000000E+01 0.60000000E+01 0.60000000E+01
 70 70 99 99 0.60000000E+01 0.60000000E+01 0.60000000E+01 0.60000000E+01
 71 71 99 99 0.60000000E+01 0.60000000E+01 0.60000000E+01 0.60000000E+01
 72 72 99 99 0.60000000E+01 0.60000000E+01 0.60000000E+01 0.60000000E+01
 73 73 99 99 0.60000000E+01 0.60000000E+01 0.60000000E+01 0.60000000E+01
 74 74 99 99 0.60000000E+01 0.60000000E+01 0.60000000E+01 0.60000000E+01
 75 75 99 99 0.60000000E+01 0.60000000E+01 0.60000000E+01 0.60000000E+01
 76 76 99 99 0.60000000E+01 0.60000000E+01 0.60000000E+01 0.60000000E+01
 77 77 99 99 0.60000000E+01 0.60000000E+01 0.60000000E+01 0.60000000E+01
 78 78 99 99 0.60000000E+01 0.60000000E+01 0.60000000E+01 0.60000000E+01
 79 79 99 99 0.60000000E+01 0.60000000E+01 0.60000000E+01 0.60000000E+01
 80 80 99 99 0.60000000E+01 0.60000000E+01 0.60000000E+01 0.60000000E+01
 81 81 99 99 0.60000000E+01 0.60000000E+01 0.60000000E+01 0.60000000E+01
 82 82 99 99 0.60000000E+01 0.60000000E+01 0.60000000E+01 0.60000000E+01
 83 83 99 99 0.60000000E+01 0.60000000E+01 0.60000000E+01 0.60000000E+01
 84 84 99 99 0.60000000E+01 0.60000000E+01 0.60000000E+01 0.60000000E+01
 85 85 99 99 0.60000000E+01 0.60000000E+01 0.60000000E+01 0.60000000E+01
 86 86 99 99 0.60000000E+01 0.60000000E+01 0.60000000E+01 0.60000000E+01
 87 87 99 99 0.60000000E+01 0.60000000E+01 0.60000000E+01 0.60000000E+01
 88 88 99 99 0.60000000E+01 0.60000000E+01 0.60000000E+01 0.60000000E+01
 89 89 99 99 0.60000000E+01 0.60000000E+01 0.60000000E+01 0.60000000E+01
 90 90 99 99 0.60000000E+01 0.60000000E+01 0.60000000E+01 0.60000000E+01
 91 91 99 99 0.60000000E+01 0.60000000E+01 0.60000000E+01 0.60000000E+01
 92 92 99 99 0.60000000E+01 0.60000000E+01 0.60000000E+01 0.60000000E+01
 93 93 99 99 0.60000000E+01 0.60000000E+01 0.60000000E+01 0.60000000E+01
 94 94 99 99 0.60000000E+01 0.60000000E+01 0.60000000E+01 0.60000000E+01
 95 95 99 99 0.60000000E+01 0.60000000E+01 0.60000000E+01 0.60000000E+01
 96 96 99 99 0.60000000E+01 0.60000000E+01 0.60000000E+01 0.60000000E+01
  4 11 99 99 0.40000000E+01 0.60000000E+01 0.48000000E+01 0.48000000E+01
  4 16 99 99 0.30000000E+01 0.60000000E+01 0.40000000E+01 0.40000000E+01
  4 56 99 99 0.60000000E+01 0.40000000E+01 0.48000000E+01 0.48000000E+01
  4 77 99 99 0.50000000E+01 0.50000000E+01 0.50000000E+01 0.50000000E+01
  4 80 99 99 0.30000000E+01 0.60000000E+01 0.40000000E+01 0.40000000E+01
 46 60 99 99 0.30000000E+01 0.60000000E+01 0.40000000E+01 0.40000000E+01
 50 56 99 99 0.40000000E+01 0.80000000E+01 0.53333333E+01 0.53333333E+01
 16 18 99 99 0.60000000E+01 0.60000000E+01 0.60000000E+01 0.60000000E+01
 16 46 99 99 0.60000000E+01 0.60000000E+01 0.60000000E+01 0.60000000E+01
 16 47 99 99 0.60000000E+01 0.60000000E+01 0.60000000E+01 0.60000000E+01
 16 80 99 99 0.40000000E+01 0.60000000E+01 0.48000000E+01 0.48000000E+01
 16 93 99 99 0.60000000E+01 0.60000000E+01 0.60000000E+01 0.60000000E+01
 16 95 99 99 0.60000000E+01 0.30000000E+01 0.40000000E+01 0.40000000E+01
 46 80 99 99 0.40000000E+01 0.60000000E+01 0.48000000E+01 0.48000000E+01
 13 46 99 99 0.60000000E+01 0.40000000E+01 0.48000000E+01 0.48000000E+01
 44 60 99 99 0.40000000E+01 1.20000000E+01 0.60000000E+01 0.60000000E+01
 11 46 99 99 0.60000000E+01 0.30000000E+01 0.40000000E+01 0.40000000E+01
 11 79 99 99 0.30000000E+01 0.60000000E+01 0.40000000E+01 0.40000000E+01
 23 32 99 99 0.60000000E+01 0.60000000E+01 0.60000000E+01 0.60000000E+01
 10 86 99 99 0.30000000E+01 0.60000000E+01 0.40000000E+01 0.40000000E+01
 11 33 99 99 0.40000000E+01 0.20000000E+01 0.26666667E+01 0.26666667E+01
 16 33 99 99 0.40000000E+01 0.20000000E+01 0.26666667E+01 0.26666667E+01
 16 77 99 99 0.40000000E+01 0.40000000E+01 0.40000000E+01 0.40000000E+01
  4  7 99 99 0.60000000E+01 0.60000000E+01 0.60000000E+01 0.60000000E+01
  4 44 99 99 0.20000000E+01 0.20000000E+01 0.20000000E+01 0.20000000E+01
  4 93 99 99 0.60000000E+01 0.60000000E+01 0.60000000E+01 0.60000000E+01
 18 44 99 99 0.60000000E+01 0.60000000E+01 0.60000000E+01 0.60000000E+01
 18 46 99 99 0.60000000E+01 0.20000000E+01 0.30000000E+01 0.30000000E+01
 47 18 99 99 0.30000000E+01 0.60000000E+01 0.40000000E+01 0.40000000E+01
 18 80 99 99 0.60000000E+01 0.60000000E+01 0.60000000E+01 0.60000000E+01
 18 93 99 99 0.60000000E+01 0.60000000E+01 0.60000000E+01 0.60000000E+01
 23 33 99 99 0.20000000E+01 0.20000000E+01 0.20000000E+01 0.20000000E+01
 28 33 99 99 0.60000000E+01 0.60000000E+01 0.60000000E+01 0.60000000E+01
 33 44 99 99 0.30000000E+01 0.30000000E+01 0.30000000E+01 0.30000000E+01
 33 50 99 99 0.20000000E+01 0.20000000E+01 0.20000000E+01 0.20000000E+01
 33 54 99 99 0.20000000E+01 0.20000000E+01 0.20000000E+01 0.20000000E+01
 33 80 99 99 0.20000000E+01 0.40000000E+01 0.26666667E+01 0.26666667E+01
 44 46 99 99 0.60000000E+01 0.40000000E+01 0.48000000E+01 0.48000000E+01
 44 47 99 99 0.60000000E+01 0.60000000E+01 0.60000000E+01 0.60000000E+01
 44 77 99 99 0.20000000E+01 0.80000000E+01 0.32000000E+01 0.32000000E+01
 44 93 99 99 0.60000000E+01 0.60000000E+01 0.60000000E+01 0.60000000E+01
 46 47 99 99 0.60000000E+01 0.60000000E+01 0.60000000E+01 0.60000000E+01
 46 77 99 99 0.40000000E+01 0.60000000E+01 0.48000000E+01 0.48000000E+01
 46 93 99 99 0.30000000E+01 0.60000000E+01 0.40000000E+01 0.40000000E+01
 46 95 99 99 0.60000000E+01 0.60000000E+01 0.60000000E+01 0.60000000E+01
 47 80 99 99 0.60000000E+01 0.60000000E+01 0.60000000E+01 0.60000000E+01
 47 93 99 99 0.30000000E+01 0.60000000E+01 0.40000000E+01 0.40000000E+01
 47 95 99 99 0.60000000E+01 0.60000000E+01 0.60000000E+01 0.60000000E+01
  4 18 99 99 0.30000000E+01 0.60000000E+01 0.40000000E+01 0.40000000E+01
 15 28 99 99 0.60000000E+01 0.30000000E+01 0.40000000E+01 0.40000000E+01
 15 47 99 99 0.60000000E+01 0.30000000E+01 0.40000000E+01 0.40000000E+01
  4 10 99 99 0.60000000E+01 0.30000000E+01 0.40000000E+01 0.40000000E+01
  4 13 99 99 0.30000000E+01 0.60000000E+01 0.40000000E+01 0.40000000E+01
  4 74 99 99 0.60000000E+01 0.60000000E+01 0.60000000E+01 0.60000000E+01
 13 77 99 99 0.60000000E+01 0.60000000E+01 0.60000000E+01 0.60000000E+01
 77 80 99 99 0.40000000E+01 0.40000000E+01 0.40000000E+01 0.40000000E+01
 77 11 99 99 0.40000000E+01 0.40000000E+01 0.40000000E+01 0.40000000E+01
 58 77 99 99 0.60000000E+01 0.60000000E+01 0.60000000E+01 0.60000000E+01
 80 93 99 99 0.60000000E+01 0.60000000E+01 0.60000000E+01 0.60000000E+01
 11 95 99 99 0.60000000E+01 0.30000000E+01 0.40000000E+01 0.40000000E+01
 80 95 99 99 0.60000000E+01 0.30000000E+01 0.40000000E+01 0.40000000E+01
 74 77 99 99 0.60000000E+01 0.60000000E+01 0.60000000E+01 0.60000000E+01
  7 77 99 99 0.60000000E+01 0.60000000E+01 0.60000000E+01 0.60000000E+01
  4 73 99 99 0.60000000E+01 0.40000000E+01 0.48000000E+01 0.48000000E+01
 18 77 99 99 0.60000000E+01 0.60000000E+01 0.60000000E+01 0.60000000E+01
 77 93 99 99 0.60000000E+01 0.60000000E+01 0.60000000E+01 0.60000000E+01
 47 77 99 99 0.60000000E+01 0.60000000E+01 0.60000000E+01 0.60000000E+01
 77 95 99 99 0.60000000E+01 0.60000000E+01 0.60000000E+01 0.60000000E+01
  4 75 99 99 0.60000000E+01 0.60000000E+01 0.60000000E+01 0.60000000E+01
 46 75 99 99 0.60000000E+01 0.60000000E+01 0.60000000E+01 0.60000000E+01
 15 86 99 99 0.60000000E+01 0.60000000E+01 0.60000000E+01 0.60000000E+01
 10 15 99 99 0.30000000E+01 0.60000000E+01 0.40000000E+01 0.40000000E+01
 18 39 99 99 0.60000000E+01 0.40000000E+01 0.48000000E+01 0.48000000E+01
 39 46 99 99 0.60000000E+01 0.30000000E+01 0.40000000E+01 0.40000000E+01
 46 79 99 99 0.40000000E+01 0.80000000E+01 0.53333333E+01 0.53333333E+01
 46 74 99 99 0.40000000E+01 0.60000000E+01 0.48000000E+01 0.48000000E+01
 10 96 99 99 0.30000000E+01 0.60000000E+01 0.40000000E+01 0.40000000E+01
 10 46 99 99 0.30000000E+01 0.60000000E+01 0.40000000E+01 0.40000000E+01
 43 46 99 99 0.60000000E+01 0.20000000E+01 0.30000000E+01 0.30000000E+01
 46 64 99 99 0.20000000E+01 0.60000000E+01 0.30000000E+01 0.30000000E+01
 46 52 99 99 0.20000000E+01 0.60000000E+01 0.30000000E+01 0.30000000E+01
 46 78 99 99 0.20000000E+01 0.60000000E+01 0.30000000E+01 0.30000000E+01
 26 46 99 99 0.60000000E+01 0.20000000E+01 0.30000000E+01 0.30000000E+01
 31 46 99 99 0.60000000E+01 0.30000000E+01 0.40000000E+01 0.40000000E+01
 46 82 99 99 0.30000000E+01 0.60000000E+01 0.40000000E+01 0.40000000E+01
 24 46 99 99 0.60000000E+01 0.30000000E+01 0.40000000E+01 0.40000000E+01
 37 46 99 99 0.60000000E+01 0.30000000E+01 0.40000000E+01 0.40000000E+01
 25 46 99 99 0.60000000E+01 0.30000000E+01 0.40000000E+01 0.40000000E+01
 46 88 99 99 0.30000000E+01 0.60000000E+01 0.40000000E+01 0.40000000E+01
 46 94 99 99 0.30000000E+01 0.60000000E+01 0.40000000E+01 0.40000000E+01
  4 43 99 99 0.30000000E+01 0.60000000E+01 0.40000000E+01 0.40000000E+01
  4 52 99 99 0.30000000E+01 0.60000000E+01 0.40000000E+01 0.40000000E+01
  4 64 99 99 0.30000000E+01 0.60000000E+01 0.40000000E+01 0.40000000E+01
  4 31 99 99 0.30000000E+01 0.60000000E+01 0.40000000E+01 0.40000000E+01
  4 78 99 99 0.30000000E+01 0.60000000E+01 0.40000000E+01 0.40000000E+01
  4 26 99 99 0.30000000E+01 0.60000000E+01 0.40000000E+01 0.40000000E+01
  4 82 99 99 0.30000000E+01 0.60000000E+01 0.40000000E+01 0.40000000E+01
  4 24 99 99 0.30000000E+01 0.60000000E+01 0.40000000E+01 0.40000000E+01
  4 37 99 99 0.30000000E+01 0.60000000E+01 0.40000000E+01 0.40000000E+01
  4 25 99 99 0.30000000E+01 0.60000000E+01 0.40000000E+01 0.40000000E+01
  4 88 99 99 0.30000000E+01 0.60000000E+01 0.40000000E+01 0.40000000E+01
  4 94 99 99 0.30000000E+01 0.60000000E+01 0.40000000E+01 0.40000000E+01
  4 45 99 99 0.30000000E+01 0.60000000E+01 0.40000000E+01 0.40000000E+01
 46 45 99 99 0.30000000E+01 0.60000000E+01 0.40000000E+01 0.40000000E+01
 28 96 99 99 0.40000000E+01 0.80000000E+01 0.53333333E+01 0.53333333E+01
 32 46 99 99 0.60000000E+01 0.30000000E+01 0.40000000E+01 0.40000000E+01
 21 33 99 99 0.60000000E+01 0.60000000E+01 0.60000000E+01 0.60000000E+01
 13 44 99 99 0.60000000E+01 0.20000000E+01 0.30000000E+01 0.30000000E+01
 13 50 99 99 0.60000000E+01 0.20000000E+01 0.30000000E+01 0.30000000E+01
 13 41 99 99 0.60000000E+01 0.20000000E+01 0.30000000E+01 0.30000000E+01
 13 68 99 99 0.60000000E+01 0.20000000E+01 0.30000000E+01 0.30000000E+01
  3 16 99 99 0.40000000E+01 0.60000000E+01 0.48000000E+01 0.48000000E+01
  3 39 99 99 0.30000000E+01 0.70000000E+01 0.42000000E+01 0.42000000E+01
  3 46 99 99 0.70000000E+01 0.70000000E+01 0.70000000E+01 0.70000000E+01
  3 79 99 99 0.30000000E+01 0.70000000E+01 0.42000000E+01 0.42000000E+01
  3 80 99 99 0.45000000E+01 0.55000000E+01 0.49500000E+01 0.49500000E+01
  3 96 99 99 0.60000000E+01 0.30000000E+01 0.40000000E+01 0.40000000E+01
 23 96 99 99 0.60000000E+01 0.60000000E+01 0.60000000E+01 0.60000000E+01
 16 79 99 99 0.40000000E+01 0.60000000E+01 0.48000000E+01 0.48000000E+01
 39 41 99 99 0.35000000E+01 0.45000000E+01 0.39375000E+01 0.39375000E+01
 39 44 99 99 0.60000000E+01 0.40000000E+01 0.48000000E+01 0.48000000E+01
 39 50 99 99 0.60000000E+01 0.75000000E+01 0.66666667E+01 0.66666667E+01
 39 95 99 99 0.60000000E+01 0.40000000E+01 0.48000000E+01 0.48000000E+01
 41 79 99 99 0.50000000E+01 0.50000000E+01 0.50000000E+01 0.50000000E+01
 44 79 99 99 0.40000000E+01 1.20000000E+01 0.60000000E+01 0.60000000E+01
 44 95 99 99 0.60000000E+01 0.30000000E+01 0.40000000E+01 0.40000000E+01
 50 79 99 99 0.44000000E+01 0.56000000E+01 0.49280000E+01 0.49280000E+01
 79 80 99 99 0.60000000E+01 0.40000000E+01 0.48000000E+01 0.48000000E+01
 75 95 99 99 0.60000000E+01 0.40000000E+01 0.48000000E+01 0.48000000E+01
 93 95 99 99 0.60000000E+01 0.40000000E+01 0.48000000E+01 0.48000000E+01
 43 95 99 99 0.60000000E+01 0.40000000E+01 0.48000000E+01 0.48000000E+01
 18 95 99 99 0.60000000E+01 0.40000000E+01 0.48000000E+01 0.48000000E+01
 64 95 99 99 0.60000000E+01 0.40000000E+01 0.48000000E+01 0.48000000E+01
 52 95 99 99 0.60000000E+01 0.40000000E+01 0.48000000E+01 0.48000000E+01
 78 95 99 99 0.60000000E+01 0.40000000E+01 0.48000000E+01 0.48000000E+01
 26 95 99 99 0.60000000E+01 0.40000000E+01 0.48000000E+01 0.48000000E+01
 31 95 99 99 0.60000000E+01 0.40000000E+01 0.48000000E+01 0.48000000E+01
 82 95 99 99 0.60000000E+01 0.40000000E+01 0.48000000E+01 0.48000000E+01
 24 95 99 99 0.60000000E+01 0.40000000E+01 0.48000000E+01 0.48000000E+01
 37 95 99 99 0.60000000E+01 0.40000000E+01 0.48000000E+01 0.48000000E+01
 25 95 99 99 0.60000000E+01 0.40000000E+01 0.48000000E+01 0.48000000E+01
 88 95 99 99 0.60000000E+01 0.40000000E+01 0.48000000E+01 0.48000000E+01
 94 95 99 99 0.60000000E+01 0.40000000E+01 0.48000000E+01 0.48000000E+01
 45 95 99 99 0.60000000E+01 0.40000000E+01 0.48000000E+01 0.48000000E+01
 62 95 99 99 0.60000000E+01 0.40000000E+01 0.48000000E+01 0.48000000E+01
 75 93 99 99 0.60000000E+01 0.60000000E+01 0.60000000E+01 0.60000000E+01
 47 43 99 99 0.30000000E+01 0.60000000E+01 0.40000000E+01 0.40000000E+01
 47 64 99 99 0.30000000E+01 0.60000000E+01 0.40000000E+01 0.40000000E+01
 47 52 99 99 0.30000000E+01 0.60000000E+01 0.40000000E+01 0.40000000E+01
 47 78 99 99 0.30000000E+01 0.60000000E+01 0.40000000E+01 0.40000000E+01
 47 31 99 99 0.30000000E+01 0.60000000E+01 0.40000000E+01 0.40000000E+01
 47 82 99 99 0.30000000E+01 0.60000000E+01 0.40000000E+01 0.40000000E+01
 47 24 99 99 0.30000000E+01 0.60000000E+01 0.40000000E+01 0.40000000E+01
 47 37 99 99 0.30000000E+01 0.60000000E+01 0.40000000E+01 0.40000000E+01
 47 25 99 99 0.30000000E+01 0.60000000E+01 0.40000000E+01 0.40000000E+01
 47 88 99 99 0.30000000E+01 0.60000000E+01 0.40000000E+01 0.40000000E+01
 47 45 99 99 0.30000000E+01 0.60000000E+01 0.40000000E+01 0.40000000E+01
 47 75 99 99 0.60000000E+01 0.60000000E+01 0.60000000E+01 0.60000000E+01
 47 26 99 99 0.30000000E+01 0.60000000E+01 0.40000000E+01 0.40000000E+01
 47 94 99 99 0.30000000E+01 0.60000000E+01 0.40000000E+01 0.40000000E+01
 28 75 99 99 0.30000000E+01 0.60000000E+01 0.40000000E+01 0.40000000E+01
 12 96 99 99 0.30000000E+01 0.60000000E+01 0.40000000E+01 0.40000000E+01
 23 58 99 99 0.30000000E+01 0.60000000E+01 0.40000000E+01 0.40000000E+01
 28 58 99 99 0.40000000E+01 0.40000000E+01 0.40000000E+01 0.40000000E+01
 23 79 99 99 0.25000000E+01 0.75000000E+01 0.37500000E+01 0.37500000E+01
 23 46 99 99 0.30000000E+01 0.60000000E+01 0.40000000E+01 0.40000000E+01
 23 77 99 99 0.20000000E+01 0.70000000E+01 3.11111111E+00 3.11111111E+00
 36 73 99 99 0.40000000E+01 0.40000000E+01 0.40000000E+01 0.40000000E+01
 17 73 99 99 0.40000000E+01 0.40000000E+01 0.40000000E+01 0.40000000E+01
 60 73 99 99 0.40000000E+01 0.40000000E+01 0.40000000E+01 0.40000000E+01
 60 76 99 99 0.40000000E+01 0.40000000E+01 0.40000000E+01 0.40000000E+01
 73 79 99 99 0.40000000E+01 0.40000000E+01 0.40000000E+01 0.40000000E+01
 73 95 99 99 0.40000000E+01 0.40000000E+01 0.40000000E+01 0.40000000E+01
 73 28 99 99 0.20000000E+01 0.20000000E+01 0.20000000E+01 0.20000000E+01
 73 54 99 99 0.20000000E+01 0.20000000E+01 0.20000000E+01 0.20000000E+01
 73 21 99 99 0.20000000E+01 0.20000000E+01 0.20000000E+01 0.20000000E+01
 73 20 99 99 0.20000000E+01 0.20000000E+01 0.20000000E+01 0.20000000E+01
 73 47 99 99 0.20000000E+01 0.20000000E+01 0.20000000E+01 0.20000000E+01
 73 23 99 99 0.30000000E+01 0.15000000E+01 0.20000000E+01 0.20000000E+01
 73  3 99 99 0.30000000E+01 0.15000000E+01 0.20000000E+01 0.20000000E+01
  3  7 99 99 0.15000000E+01 0.60000000E+01 0.24000000E+01 0.24000000E+01
 76  3 99 99 0.30000000E+01 0.15000000E+01 0.20000000E+01 0.20000000E+01
  4 76 99 99 0.30000000E+01 0.20000000E+01 0.24000000E+01 0.24000000E+01
 56 60 99 99 0.40000000E+01 0.40000000E+01 0.40000000E+01 0.40000000E+01
 60 82 99 99 0.50000000E+01 0.40000000E+01 4.44444444E+00 4.44444444E+00
 60 24 99 99 0.50000000E+01 0.40000000E+01 4.44444444E+00 4.44444444E+00
 15 16 99 99 0.30000000E+01 0.60000000E+01 0.40000000E+01 0.40000000E+01
 23 56 99 99 0.40000000E+01 0.60000000E+01 0.48000000E+01 0.48000000E+01
 23 76 99 99 0.15000000E+01 0.30000000E+01 0.20000000E+01 0.20000000E+01
 23 84 99 99 0.15000000E+01 0.30000000E+01 0.20000000E+01 0.20000000E+01
 13 73 99 99 0.30000000E+01 0.20000000E+01 0.24000000E+01 0.24000000E+01
 73 74 99 99 0.20000000E+01 0.30000000E+01 0.24000000E+01 0.24000000E+01
  7 84 99 99 0.30000000E+01 0.20000000E+01 0.24000000E+01 0.24000000E+01
 60 84 99 99 0.30000000E+01 0.30000000E+01 0.30000000E+01 0.30000000E+01
  7 73 99 99 0.30000000E+01 0.30000000E+01 0.30000000E+01 0.30000000E+01
 1     1 Ag [2021Cha]
Vi F1 1.6650600000E+04 0.0000E+00 2.5982630000E+01 1.0000E+00 0.0000000000E+01-1.0000E+00 0.0000000000E+00-2.0000E+00 0.0000000000E+00 0.0000E+00 0.0000000000E+00 0.0000E+00 0.0000000000E+00 0.0000E+00 0.0000000000E+00 0.0000E+00 0.0000000000E+00 0.0000E+00 0.0000000000E+00 0.0000E+00
Vi F2 1.0000000000E+00 0.0000E+00 0.0000000000E+00 1.0000E+00 0.0000000000E+00 0.0000E+00 0.0000000000E+00 0.0000E+00
Vi F3 0.0000000000E+00 0.0000E+00 0.0000000000E+00 0.0000E+00 0.0000000000E+00 0.0000E+00 0.0000000000E+00 0.0000E+00 0.0000000000E+00 0.0000E+00
Vi Ti 0.1000000000E+03 9.0000000000E+03 0 1.0000000000E+00
 2     1 Al (Shima 18/2/2008)
Vi F1 1.1776910000E+04 0.0000E+00 1.6840000000E+01 1.0000E+00 0.0000000000E+01-1.0000E+00 0.0000000000E+00-2.0000E+00 0.0000000000E+00 0.0000E+00 0.0000000000E+00 0.0000E+00 0.0000000000E+00 0.0000E+00 0.0000000000E+00 0.0000E+00 0.0000000000E+00 0.0000E+00 0.0000000000E+00 0.0000E+00
Vi F2 1.0000000000E+00 0.0000E+00 0.0000000000E+00 1.0000E+00 0.0000000000E+00 0.0000E+00 0.0000000000E+00 0.0000E+00
Vi F3 0.0000000000E+00 0.0000E+00 0.0000000000E+00 0.0000E+00 0.0000000000E+00 0.0000E+00 0.0000000000E+00 0.0000E+00 0.0000000000E+00 0.0000E+00
Vi Ti 0.1000000000E+03 9.0000000000E+03 0 1.0000000000E+00
 3     0
 4     0
 5     0
 6     0
 7     0
 8     0
 9     0
10     0
11     0
12     0
13     1 Cr [2021Cha] (rough)
Vi F1 2.1000000000E+04 0.0000E+00 3.0000000000E+01 1.0000E+00 0.0000000000E+01-1.0000E+00 0.0000000000E+00-2.0000E+00 0.0000000000E+00 0.0000E+00 0.0000000000E+00 0.0000E+00 0.0000000000E+00 0.0000E+00 0.0000000000E+00 0.0000E+00 0.0000000000E+00 0.0000E+00 0.0000000000E+00 0.0000E+00
Vi F2 1.0000000000E+00 0.0000E+00 0.0000000000E+00 1.0000E+00 0.0000000000E+00 0.0000E+00 0.0000000000E+00 0.0000E+00
Vi F3 0.0000000000E+00 0.0000E+00 0.0000000000E+00 0.0000E+00 0.0000000000E+00 0.0000E+00 0.0000000000E+00 0.0000E+00 0.0000000000E+00 0.0000E+00
Vi Ti 0.1000000000E+03 9.0000000000E+03 0 1.0000000000E+00
14     1 Cu (G.Lambotte - Predoc)
Vi F1 2.1194910000E+04 0.0000E+00 2.0300000000E+01 1.0000E+00 2.7050000000E+01-1.0000E+00 0.0000000000E+00-2.0000E+00 0.0000000000E+00 0.0000E+00 0.0000000000E+00 0.0000E+00 0.0000000000E+00 0.0000E+00 0.0000000000E+00 0.0000E+00 0.0000000000E+00 0.0000E+00 0.0000000000E+00 0.0000E+00
Vi F2 1.0000000000E+00 0.0000E+00 0.0000000000E+00 1.0000E+00 0.0000000000E+00 0.0000E+00 0.0000000000E+00 0.0000E+00
Vi F3 0.0000000000E+00 0.0000E+00 0.0000000000E+00 0.0000E+00 0.0000000000E+00 0.0000E+00 0.0000000000E+00 0.0000E+00 0.0000000000E+00 0.0000E+00
Vi Ti 0.1000000000E+03 9.0000000000E+03 0 1.0000000000E+00
15     0
16     0
17     0
18     1 Fe [2021Cha]    1.9679370000E+04 0.0000E+00 2.9653420000E+01          ||  3.8684000000E+04 0.0000E+00 1.8305000000E+01
Vi F1 3.5500000000E+04 0.0000E+00 2.0000000000E+01 1.0000E+00 0.0000000000E+01-1.0000E+00 0.0000000000E+00-2.0000E+00 0.0000000000E+00 0.0000E+00 0.0000000000E+00 0.0000E+00 0.0000000000E+00 0.0000E+00 0.0000000000E+00 0.0000E+00 0.0000000000E+00 0.0000E+00 0.0000000000E+00 0.0000E+00
Vi F2 1.0000000000E+00 0.0000E+00 0.0000000000E+00 1.0000E+00 0.0000000000E+00 0.0000E+00 0.0000000000E+00 0.0000E+00
Vi F3 0.0000000000E+00 0.0000E+00 0.0000000000E+00 0.0000E+00 0.0000000000E+00 0.0000E+00 0.0000000000E+00 0.0000E+00 0.0000000000E+00 0.0000E+00
Vi Ti 0.1000000000E+03 9.0000000000E+03 0 1.0000000000E+00
19     1 Ga [2021Cha]
Vi F1 0.3740057000E+04 0.0000E+00 2.1881030000E+01 1.0000E+00 0.0000000000E+01-1.0000E+00 0.0000000000E+00-2.0000E+00 0.0000000000E+00 0.0000E+00 0.0000000000E+00 0.0000E+00 0.0000000000E+00 0.0000E+00 0.0000000000E+00 0.0000E+00 0.0000000000E+00 0.0000E+00 0.0000000000E+00 0.0000E+00
Vi F2 1.0000000000E+00 0.0000E+00 0.0000000000E+00 1.0000E+00 0.0000000000E+00 0.0000E+00 0.0000000000E+00 0.0000E+00
Vi F3 0.0000000000E+00 0.0000E+00 0.0000000000E+00 0.0000E+00 0.0000000000E+00 0.0000E+00 0.0000000000E+00 0.0000E+00 0.0000000000E+00 0.0000E+00
Vi Ti 0.1000000000E+03 9.0000000000E+03 0 1.0000000000E+00
20     0
21     0
22     0
23     0
24     0
25     1 In [2021Cha]
Vi F1 0.5364643000E+04 0.0000E+00 2.3835660000E+01 1.0000E+00 0.0000000000E+01-1.0000E+00 0.0000000000E+00-2.0000E+00 0.0000000000E+00 0.0000E+00 0.0000000000E+00 0.0000E+00 0.0000000000E+00 0.0000E+00 0.0000000000E+00 0.0000E+00 0.0000000000E+00 0.0000E+00 0.0000000000E+00 0.0000E+00
Vi F2 1.0000000000E+00 0.0000E+00 0.0000000000E+00 1.0000E+00 0.0000000000E+00 0.0000E+00 0.0000000000E+00 0.0000E+00
Vi F3 0.0000000000E+00 0.0000E+00 0.0000000000E+00 0.0000E+00 0.0000000000E+00 0.0000E+00 0.0000000000E+00 0.0000E+00 0.0000000000E+00 0.0000E+00
Vi Ti 0.1000000000E+03 9.0000000000E+03 0 1.0000000000E+00
26     1 K  [2021Cha]
Vi F1 0.5008838000E+04 0.0000E+00 1.9801500000E+01 1.0000E+00 0.0000000000E+01-1.0000E+00 0.0000000000E+00-2.0000E+00 0.0000000000E+00 0.0000E+00 0.0000000000E+00 0.0000E+00 0.0000000000E+00 0.0000E+00 0.0000000000E+00 0.0000E+00 0.0000000000E+00 0.0000E+00 0.0000000000E+00 0.0000E+00
Vi F2 1.0000000000E+00 0.0000E+00 0.0000000000E+00 1.0000E+00 0.0000000000E+00 0.0000E+00 0.0000000000E+00 0.0000E+00
Vi F3 0.0000000000E+00 0.0000E+00 0.0000000000E+00 0.0000E+00 0.0000000000E+00 0.0000E+00 0.0000000000E+00 0.0000E+00 0.0000000000E+00 0.0000E+00
Vi Ti 0.1000000000E+03 9.0000000000E+03 0 1.0000000000E+00
27     0
28     1 Li [2021Cha]
Vi F1 0.4866782000E+04 0.0000E+00 1.4314780000E+01 1.0000E+00 0.0000000000E+01-1.0000E+00 0.0000000000E+00-2.0000E+00 0.0000000000E+00 0.0000E+00 0.0000000000E+00 0.0000E+00 0.0000000000E+00 0.0000E+00 0.0000000000E+00 0.0000E+00 0.0000000000E+00 0.0000E+00 0.0000000000E+00 0.0000E+00
Vi F2 1.0000000000E+00 0.0000E+00 0.0000000000E+00 1.0000E+00 0.0000000000E+00 0.0000E+00 0.0000000000E+00 0.0000E+00
Vi F3 0.0000000000E+00 0.0000E+00 0.0000000000E+00 0.0000E+00 0.0000000000E+00 0.0000E+00 0.0000000000E+00 0.0000E+00 0.0000000000E+00 0.0000E+00
Vi Ti 0.1000000000E+03 9.0000000000E+03 0 1.0000000000E+00
29     0
30     1 Mg (refitted as G* with 1/Vm) [2007Cha]
Vi F1 1.7824430000E+04 0.0000E+00 1.3110000000E+01 1.0000E+00 3.4190000000E+01-1.0000E+00 0.0000000000E+00 0.0000E+00 0.0000000000E+00 0.0000E+00 0.0000000000E+00 0.0000E+00 0.0000000000E+00 0.0000E+00 0.0000000000E+00 0.0000E+00 0.0000000000E+00 0.0000E+00 0.0000000000E+00 0.0000E+00
Vi F2 1.0000000000E+00 0.0000E+00 0.0000000000E+00 1.0000E+00 0.0000000000E+00 0.0000E+00 0.0000000000E+00 0.0000E+00
Vi F3 0.0000000000E+00 0.0000E+00 0.0000000000E+00 1.0000E+02 0.0000000000E+01 1.0000E+00 0.0000000000E+00 0.0000E+00 0.0000000000E+00 0.0000E+00
Vi Ti 0.1000000000E+03 9.0000000000E+03 0 1.0000000000E+00
31     1 Mn [2021Cha] rough
Vi F1 1.8300000000E+04 0.0000E+00 2.7500000000E+01 1.0000E+00 0.0000000000E+01-1.0000E+00 0.0000000000E+00-2.0000E+00 0.0000000000E+00 0.0000E+00 0.0000000000E+00 0.0000E+00 0.0000000000E+00 0.0000E+00 0.0000000000E+00 0.0000E+00 0.0000000000E+00 0.0000E+00 0.0000000000E+00 0.0000E+00
Vi F2 1.0000000000E+00 0.0000E+00 0.0000000000E+00 1.0000E+00 0.0000000000E+00 0.0000E+00 0.0000000000E+00 0.0000E+00
Vi F3 0.0000000000E+00 0.0000E+00 0.0000000000E+00 0.0000E+00 0.0000000000E+00 0.0000E+00 0.0000000000E+00 0.0000E+00 0.0000000000E+00 0.0000E+00
Vi Ti 0.1000000000E+03 9.0000000000E+03 0 1.0000000000E+00
32     0
33     1 Na [2021Cha]
Vi F1 0.5870649000E+04 0.0000E+00 1.5823360000E+01 1.0000E+00 0.0000000000E+01-1.0000E+00 0.0000000000E+00-2.0000E+00 0.0000000000E+00 0.0000E+00 0.0000000000E+00 0.0000E+00 0.0000000000E+00 0.0000E+00 0.0000000000E+00 0.0000E+00 0.0000000000E+00 0.0000E+00 0.0000000000E+00 0.0000E+00
Vi F2 1.0000000000E+00 0.0000E+00 0.0000000000E+00 1.0000E+00 0.0000000000E+00 0.0000E+00 0.0000000000E+00 0.0000E+00
Vi F3 0.0000000000E+00 0.0000E+00 0.0000000000E+00 0.0000E+00 0.0000000000E+00 0.0000E+00 0.0000000000E+00 0.0000E+00 0.0000000000E+00 0.0000E+00
Vi Ti 0.1000000000E+03 9.0000000000E+03 0 1.0000000000E+00
34     0
35     0
36     1 Ni [2021Cha] (rough)
Vi F1 1.8300000000E+04 0.0000E+00 2.7000000000E+01 1.0000E+00 0.0000000000E+01-1.0000E+00 0.0000000000E+00-2.0000E+00 0.0000000000E+00 0.0000E+00 0.0000000000E+00 0.0000E+00 0.0000000000E+00 0.0000E+00 0.0000000000E+00 0.0000E+00 0.0000000000E+00 0.0000E+00 0.0000000000E+00 0.0000E+00
Vi F2 1.0000000000E+00 0.0000E+00 0.0000000000E+00 1.0000E+00 0.0000000000E+00 0.0000E+00 0.0000000000E+00 0.0000E+00
Vi F3 0.0000000000E+00 0.0000E+00 0.0000000000E+00 0.0000E+00 0.0000000000E+00 0.0000E+00 0.0000000000E+00 0.0000E+00 0.0000000000E+00 0.0000E+00
Vi Ti 0.1000000000E+03 9.0000000000E+03 0 1.0000000000E+00
37     0
38     1 Pb (refitted as G* with 1/Vm) [2007Cha]
Vi F1 1.0651107570E+04 0.0000E+00 1.8930091670E+00 1.0000E+00 3.2019871300E+00 1.0000E+02 0.0000000000E+00 0.0000E+00 0.0000000000E+00 0.0000E+00 0.0000000000E+00 0.0000E+00 0.0000000000E+00 0.0000E+00 0.0000000000E+00 0.0000E+00 0.0000000000E+00 0.0000E+00 0.0000000000E+00 0.0000E+00
Vi F2 1.0000000000E+00 0.0000E+00 0.0000000000E+00 1.0000E+00 0.0000000000E+00 0.0000E+00 0.0000000000E+00 0.0000E+00
Vi F3 0.0000000000E+00 0.0000E+00 0.0000000000E+00 0.0000E+00 0.0000000000E+00 0.0000E+00 0.0000000000E+00 0.0000E+00 0.0000000000E+00 0.0000E+00
Vi Ti 0.1000000000E+03 9.0000000000E+03 0 1.0000000000E+00
39     0
40     0
41     0
42     1 Si (Shima 18/2/2008)
Vi F1 1.4370590000E+04 0.0000E+00 1.5120000000E+01 1.0000E+00 0.0000000000E+01-1.0000E+00 0.0000000000E+00-2.0000E+00 0.0000000000E+00 0.0000E+00 0.0000000000E+00 0.0000E+00 0.0000000000E+00 0.0000E+00 0.0000000000E+00 0.0000E+00 0.0000000000E+00 0.0000E+00 0.0000000000E+00 0.0000E+00
Vi F2 1.0000000000E+00 0.0000E+00 0.0000000000E+00 1.0000E+00 0.0000000000E+00 0.0000E+00 0.0000000000E+00 0.0000E+00
Vi F3 0.0000000000E+00 0.0000E+00 0.0000000000E+00 0.0000E+00 0.0000000000E+00 0.0000E+00 0.0000000000E+00 0.0000E+00 0.0000000000E+00 0.0000E+00
Vi Ti 0.1000000000E+03 9.0000000000E+03 0 1.0000000000E+00
43     0
44     1 Sn [2021Cha]
Vi F1 0.5609496000E+04 0.0000E+00 2.5687140000E+01 1.0000E+00 0.0000000000E+01-1.0000E+00 0.0000000000E+00-2.0000E+00 0.0000000000E+00 0.0000E+00 0.0000000000E+00 0.0000E+00 0.0000000000E+00 0.0000E+00 0.0000000000E+00 0.0000E+00 0.0000000000E+00 0.0000E+00 0.0000000000E+00 0.0000E+00
Vi F2 1.0000000000E+00 0.0000E+00 0.0000000000E+00 1.0000E+00 0.0000000000E+00 0.0000E+00 0.0000000000E+00 0.0000E+00
Vi F3 0.0000000000E+00 0.0000E+00 0.0000000000E+00 0.0000E+00 0.0000000000E+00 0.0000E+00 0.0000000000E+00 0.0000E+00 0.0000000000E+00 0.0000E+00
Vi Ti 0.1000000000E+03 9.0000000000E+03 0 1.0000000000E+00
45     0
46     0
47     0
48     0
49     0
50     0
51     0
52     0
53     0
54     1 Zn (Shima 18/2/2008)
Vi F1 1.2298610000E+04 0.0000E+00 1.9460000000E+01 1.0000E+00 0.0000000000E+01-1.0000E+00 0.0000000000E-01-2.0000E+00 0.0000000000E+00 0.0000E+00 0.0000000000E+00 0.0000E+00 0.0000000000E+00 0.0000E+00 0.0000000000E+00 0.0000E+00 0.0000000000E+00 0.0000E+00 0.0000000000E+00 0.0000E+00
Vi F2 1.0000000000E+00 0.0000E+00 0.0000000000E+00 1.0000E+00 0.0000000000E+00 0.0000E+00 0.0000000000E+00 0.0000E+00
Vi F3 0.0000000000E+00 0.0000E+00 0.0000000000E+00 0.0000E+00 0.0000000000E+00 0.0000E+00 0.0000000000E+00 0.0000E+00 0.0000000000E+00 0.0000E+00
Vi Ti 0.1000000000E+03 9.0000000000E+03 0 1.0000000000E+00
55     0
ViP  3  4 99 99  0  0 0 0 0 0 1.42137550E+04 2.14113150E+01 0.00000000E+00 0.00000000E+00 0.00000000E+00 0.00000000E+00     Ag-Al [2021Cha] average G*
 1.00000000E+00  0.0 0.00000000E+00  0.0 0.00000000E+00  0.0 0.00000000E+00  0.0 0.00000000E+00  0.0 0.00000000E+00  0.0
ViP  3 21 99 99  0  0 0 0 0 0 1.88253000E+04 2.79913150E+01 0.00000000E+00 0.00000000E+00 0.00000000E+00 0.00000000E+00     Ag-Cr [2021Cha] average G*
 1.00000000E+00  0.0 0.00000000E+00  0.0 0.00000000E+00  0.0 0.00000000E+00  0.0 0.00000000E+00  0.0 0.00000000E+00  0.0
ViP  3 23 99 99  0  0 0 0 0 0 1.80000000E+04 2.31413150E+01 0.00000000E+00 0.00000000E+00 0.00000000E+00 0.00000000E+00     Ag-Cu [2021Cha] data from Gebhardt
 1.00000000E+00  0.0 0.00000000E+00  0.0 0.00000000E+00  0.0 0.00000000E+00  0.0 0.00000000E+00  0.0 0.00000000E+00  0.0
ViP  3 28 99 99  0  0 0 0 0 0 2.60753000E+04 2.29913150E+01 0.00000000E+00 0.00000000E+00 0.00000000E+00 0.00000000E+00     Ag-Fe [2021Cha] average G*
 1.00000000E+00  0.0 0.00000000E+00  0.0 0.00000000E+00  0.0 0.00000000E+00  0.0 0.00000000E+00  0.0 0.00000000E+00  0.0
ViP  3 30 99 99  0  0 0 0 0 0 1.01953290E+04 2.39318300E+01 0.00000000E+00 0.00000000E+00 0.00000000E+00 0.00000000E+00     Ag-Ga [2021Cha] average G*
 1.00000000E+00  0.0 0.00000000E+00  0.0 0.00000000E+00  0.0 0.00000000E+00  0.0 0.00000000E+00  0.0 0.00000000E+00  0.0
ViP  3 39 99 99  0  0 0 0 0 0 1.10076220E+04 2.49091450E+01 0.00000000E+00 0.00000000E+00 0.00000000E+00 0.00000000E+00     Ag-In [2021Cha] average G*
 1.00000000E+00  0.0 0.00000000E+00  0.0 0.00000000E+00  0.0 0.00000000E+00  0.0 0.00000000E+00  0.0 0.00000000E+00  0.0
ViP  3 41 99 99  0  0 0 0 0 0 1.08297190E+04 2.28920650E+01 0.00000000E+00 0.00000000E+00 0.00000000E+00 0.00000000E+00     Ag-K  [2021Cha] average G*
 1.00000000E+00  0.0 0.00000000E+00  0.0 0.00000000E+00  0.0 0.00000000E+00  0.0 0.00000000E+00  0.0 0.00000000E+00  0.0
ViP  3 44 99 99  0  0 0 0 0 0 1.07586910E+04 2.01487050E+01 0.00000000E+00 0.00000000E+00 0.00000000E+00 0.00000000E+00     Ag-Li [2021Cha] average G*
 1.00000000E+00  0.0 0.00000000E+00  0.0 0.00000000E+00  0.0 0.00000000E+00  0.0 0.00000000E+00  0.0 0.00000000E+00  0.0
ViP  3 46 99 99  0  0 0 0 0 0 1.72375150E+04 1.95463150E+01 0.00000000E+00 0.00000000E+00 0.00000000E+00 0.00000000E+00     Ag-Mg [2021Cha] average G*
 1.00000000E+00  0.0 0.00000000E+00  0.0 0.00000000E+00  0.0 0.00000000E+00  0.0 0.00000000E+00  0.0 0.00000000E+00  0.0
ViP  3 47 99 99  0  0 0 0 0 0 1.74753000E+04 2.67413150E+01 0.00000000E+00 0.00000000E+00 0.00000000E+00 0.00000000E+00     Ag-Mn [2021Cha] average G*
 1.00000000E+00  0.0 0.00000000E+00  0.0 0.00000000E+00  0.0 0.00000000E+00  0.0 0.00000000E+00  0.0 0.00000000E+00  0.0
ViP  3 50 99 99  0  0 0 0 0 0 1.12606250E+04 2.09029950E+01 0.00000000E+00 0.00000000E+00 0.00000000E+00 0.00000000E+00     Ag-Na [2021Cha] average G*
 1.00000000E+00  0.0 0.00000000E+00  0.0 0.00000000E+00  0.0 0.00000000E+00  0.0 0.00000000E+00  0.0 0.00000000E+00  0.0
ViP  3 54 99 99  0  0 0 0 0 0 1.74753000E+04 2.64913150E+01 0.00000000E+00 0.00000000E+00 0.00000000E+00 0.00000000E+00     Ag-Ni [2021Cha] average G*
 1.00000000E+00  0.0 0.00000000E+00  0.0 0.00000000E+00  0.0 0.00000000E+00  0.0 0.00000000E+00  0.0 0.00000000E+00  0.0
ViP  3 60 99 99  0  0 0 0 0 0 1.36508540E+04 1.39378250E+01 1.60099360E+00 0.00000000E+00 0.00000000E+00 0.00000000E+00     Ag-Pb [2021Cha] average G*
 1.00000000E+00  0.0 0.00000000E+00  0.0 0.00000000E+00  0.0 0.00000000E+00  0.0 0.00000000E+00  0.0 0.00000000E+00  0.0
ViP  3 77 99 99  0  0 0 0 0 0 1.55105950E+04 2.05513150E+01 0.00000000E+00 0.00000000E+00 0.00000000E+00 0.00000000E+00     Ag-Si [2021Cha] average G*
 1.00000000E+00  0.0 0.00000000E+00  0.0 0.00000000E+00  0.0 0.00000000E+00  0.0 0.00000000E+00  0.0 0.00000000E+00  0.0
ViP  3 79 99 99  0  0 0 0 0 0 1.11300480E+04 2.58348850E+01 0.00000000E+00 0.00000000E+00 0.00000000E+00 0.00000000E+00     Ag-Sn [2021Cha] average G*
 1.00000000E+00  0.0 0.00000000E+00  0.0 0.00000000E+00  0.0 0.00000000E+00  0.0 0.00000000E+00  0.0 0.00000000E+00  0.0
ViP  3 95 99 99  0  0 0 0 0 0 1.44746050E+04 2.27213150E+01 0.00000000E+00 0.00000000E+00 0.00000000E+00 0.00000000E+00     Ag-Zn [2021Cha] average G*
 1.00000000E+00  0.0 0.00000000E+00  0.0 0.00000000E+00  0.0 0.00000000E+00  0.0 0.00000000E+00  0.0 0.00000000E+00  0.0
ViP  4 21 99 99  0  0 0 0 0 0 1.63884550E+04 2.34200000E+01 0.00000000E+00 0.00000000E+00 0.00000000E+00 0.00000000E+00     Al-Cr [2021Cha] average G*
 1.00000000E+00  0.0 0.00000000E+00  0.0 0.00000000E+00  0.0 0.00000000E+00  0.0 0.00000000E+00  0.0 0.00000000E+00  0.0
ViP  4 23 99 99  0  0 0 0 0 0 1.75000000E+04 1.85700000E+01 0.00000000E+00 0.00000000E+00 0.00000000E+00 0.00000000E+00     Al-Cu [2021Cha] data of Lihl et al. 1073K
 1.00000000E+00  0.0 0.00000000E+00  0.0 0.00000000E+00  0.0 0.00000000E+00  0.0 0.00000000E+00  0.0 0.00000000E+00  0.0
ViP  4 28 99 99  0  0 0 0 0 0 2.36384550E+04 1.84200000E+01 0.00000000E+00 0.00000000E+00 0.00000000E+00 0.00000000E+00     Al-Fe [2021Cha] adjusted for A356 and A319
 1.00000000E+00  0.0 0.00000000E+00  0.0 0.00000000E+00  0.0 0.00000000E+00  0.0 0.00000000E+00  0.0 0.00000000E+00  0.0
ViP  4 30 99 99  0  0 0 0 0 0 0.77584835E+04 1.93605150E+01 0.00000000E+00 0.00000000E+00 0.00000000E+00 0.00000000E+00     Al-Ga [2021Cha] average G*
 1.00000000E+00  0.0 0.00000000E+00  0.0 0.00000000E+00  0.0 0.00000000E+00  0.0 0.00000000E+00  0.0 0.00000000E+00  0.0
ViP  4 39 99 99  0  0 0 0 0 0 0.85707765E+04 2.03378300E+01 0.00000000E+00 0.00000000E+00 0.00000000E+00 0.00000000E+00     Al-In [2021Cha] average G*
 1.00000000E+00  0.0 0.00000000E+00  0.0 0.00000000E+00  0.0 0.00000000E+00  0.0 0.00000000E+00  0.0 0.00000000E+00  0.0
ViP  4 41 99 99  0  0 0 0 0 0 0.83928740E+04 1.83207500E+01 0.00000000E+00 0.00000000E+00 0.00000000E+00 0.00000000E+00     Al-K  [2021Cha] average G*
 1.00000000E+00  0.0 0.00000000E+00  0.0 0.00000000E+00  0.0 0.00000000E+00  0.0 0.00000000E+00  0.0 0.00000000E+00  0.0
ViP  4 44 99 99  0  0 0 0 0 0 2.50000000E+04 1.55773900E+01 0.00000000E+00 0.00000000E+00 0.00000000E+00 0.00000000E+00     Al-Li [2021Cha] Trybula 2014
 1.00000000E+00  0.0 0.00000000E+00  0.0 0.00000000E+00  0.0 0.00000000E+00  0.0 0.00000000E+00  0.0 0.00000000E+00  0.0
ViP  4 46 99 99  0  0 0 0 0 0 1.80000000E+04 1.49750000E+01 0.00000000E+00 0.00000000E+00 0.00000000E+00 0.00000000E+00     Al-Mg [2021Cha] data of Lihl et al. 1073K
 1.00000000E+00  0.0 0.00000000E+00  0.0 0.00000000E+00  0.0 0.00000000E+00  0.0 0.00000000E+00  0.0 0.00000000E+00  0.0
ViP  4 47 99 99  0  0 0 0 0 0 1.50384550E+04 2.21700000E+01 0.00000000E+00 0.00000000E+00 0.00000000E+00 0.00000000E+00     Al-Mn [2021Cha] average G*
 1.00000000E+00  0.0 0.00000000E+00  0.0 0.00000000E+00  0.0 0.00000000E+00  0.0 0.00000000E+00  0.0 0.00000000E+00  0.0
ViP  4 50 99 99  0  0 0 0 0 0 0.88237795E+04 1.63316800E+01 0.00000000E+00 0.00000000E+00 0.00000000E+00 0.00000000E+00     Al-Na [2021Cha] average G*
 1.00000000E+00  0.0 0.00000000E+00  0.0 0.00000000E+00  0.0 0.00000000E+00  0.0 0.00000000E+00  0.0 0.00000000E+00  0.0
ViP  4 54 99 99  0  0 0 0 0 0 1.50384550E+04 2.19200000E+01 0.00000000E+00 0.00000000E+00 0.00000000E+00 0.00000000E+00     Al-Ni [2021Cha] average G*
 1.00000000E+00  0.0 0.00000000E+00  0.0 0.00000000E+00  0.0 0.00000000E+00  0.0 0.00000000E+00  0.0 0.00000000E+00  0.0
ViP  4 60 99 99  0  0 0 0 0 0 1.12140090E+04 0.93665046E+01 1.60099360E+00 0.00000000E+00 0.00000000E+00 0.00000000E+00     Al-Pb [2021Cha] average G*
 1.00000000E+00  0.0 0.00000000E+00  0.0 0.00000000E+00  0.0 0.00000000E+00  0.0 0.00000000E+00  0.0 0.00000000E+00  0.0
ViP  4 77 99 99  0  0 0 0 0 0 1.00000000E+04 1.47000000E+01 0.00000000E+00 0.00000000E+00 0.00000000E+00 0.00000000E+00     Al-Si [Shima 18/2/2008]
 1.00000000E+00  0.0 0.00000000E+00  0.0 0.00000000E+00  0.0 0.00000000E+00  0.0 0.00000000E+00  0.0 0.00000000E+00  0.0
ViP  4 79 99 99  0  0 0 0 0 0 0.86932030E+04 2.12635700E+01 0.00000000E+00 0.00000000E+00 0.00000000E+00 0.00000000E+00     Al-Sn [2021Cha] average G*
 1.00000000E+00  0.0 0.00000000E+00  0.0 0.00000000E+00  0.0 0.00000000E+00  0.0 0.00000000E+00  0.0 0.00000000E+00  0.0
ViP  4 95 99 99  0  0 0 0 0 0 1.05000000E+04 1.70000000E+01 0.00000000E+00 0.00000000E+00 0.00000000E+00 0.00000000E+00      Al-Zn [Shima 18/2/2008]
 1.00000000E+00  0.0 0.00000000E+00  0.0 0.00000000E+00  0.0 0.00000000E+00  0.0 0.00000000E+00  0.0 0.00000000E+00  0.0
ViP 21 23 99 99  0  0 0 0 0 0 2.10974550E+04 2.51500000E+01 0.00000000E+00 0.00000000E+00 0.00000000E+00 0.00000000E+00     Cr-Cu [2021Cha] average G*
 1.00000000E+00  0.0 0.00000000E+00  0.0 0.00000000E+00  0.0 0.00000000E+00  0.0 0.00000000E+00  0.0 0.00000000E+00  0.0
ViP 21 28 99 99  0  0 0 0 0 0 2.82500000E+04 2.50000000E+01 0.00000000E+00 0.00000000E+00 0.00000000E+00 0.00000000E+00     Cr-Fe [2021Cha] average G*
 1.00000000E+00  0.0 0.00000000E+00  0.0 0.00000000E+00  0.0 0.00000000E+00  0.0 0.00000000E+00  0.0 0.00000000E+00  0.0
ViP 21 30 99 99  0  0 0 0 0 0 1.23700290E+04 2.59405150E+01 0.00000000E+00 0.00000000E+00 0.00000000E+00 0.00000000E+00     Cr-Ga [2021Cha] average G*
 1.00000000E+00  0.0 0.00000000E+00  0.0 0.00000000E+00  0.0 0.00000000E+00  0.0 0.00000000E+00  0.0 0.00000000E+00  0.0
ViP 21 39 99 99  0  0 0 0 0 0 1.31823220E+04 2.69178300E+01 0.00000000E+00 0.00000000E+00 0.00000000E+00 0.00000000E+00     Cr-In [2021Cha] average G*
 1.00000000E+00  0.0 0.00000000E+00  0.0 0.00000000E+00  0.0 0.00000000E+00  0.0 0.00000000E+00  0.0 0.00000000E+00  0.0
ViP 21 41 99 99  0  0 0 0 0 0 1.30044190E+04 2.49007500E+01 0.00000000E+00 0.00000000E+00 0.00000000E+00 0.00000000E+00     Cr-K  [2021Cha] average G*
 1.00000000E+00  0.0 0.00000000E+00  0.0 0.00000000E+00  0.0 0.00000000E+00  0.0 0.00000000E+00  0.0 0.00000000E+00  0.0
ViP 21 44 99 99  0  0 0 0 0 0 1.29333910E+04 2.21573900E+01 0.00000000E+00 0.00000000E+00 0.00000000E+00 0.00000000E+00     Cr-Li [2021Cha] average G*
 1.00000000E+00  0.0 0.00000000E+00  0.0 0.00000000E+00  0.0 0.00000000E+00  0.0 0.00000000E+00  0.0 0.00000000E+00  0.0
ViP 21 46 99 99  0  0 0 0 0 0 1.94122150E+04 2.15550000E+01 0.00000000E+00 0.00000000E+00 0.00000000E+00 0.00000000E+00     Cr-Mg [2021Cha] average G*
 1.00000000E+00  0.0 0.00000000E+00  0.0 0.00000000E+00  0.0 0.00000000E+00  0.0 0.00000000E+00  0.0 0.00000000E+00  0.0
ViP 21 47 99 99  0  0 0 0 0 0 1.96500000E+04 2.87500000E+01 0.00000000E+00 0.00000000E+00 0.00000000E+00 0.00000000E+00     Cr-Mn [2021Cha] average G*
 1.00000000E+00  0.0 0.00000000E+00  0.0 0.00000000E+00  0.0 0.00000000E+00  0.0 0.00000000E+00  0.0 0.00000000E+00  0.0
ViP 21 50 99 99  0  0 0 0 0 0 1.34353250E+04 2.29116800E+01 0.00000000E+00 0.00000000E+00 0.00000000E+00 0.00000000E+00     Cr-Na [2021Cha] average G*
 1.00000000E+00  0.0 0.00000000E+00  0.0 0.00000000E+00  0.0 0.00000000E+00  0.0 0.00000000E+00  0.0 0.00000000E+00  0.0
ViP 21 54 99 99  0  0 0 0 0 0 1.96500000E+04 2.85000000E+01 0.00000000E+00 0.00000000E+00 0.00000000E+00 0.00000000E+00     Cr-Ni [2021Cha] average G*
 1.00000000E+00  0.0 0.00000000E+00  0.0 0.00000000E+00  0.0 0.00000000E+00  0.0 0.00000000E+00  0.0 0.00000000E+00  0.0
ViP 21 60 99 99  0  0 0 0 0 0 1.58255540E+04 1.59465050E+01 1.60099360E+00 0.00000000E+00 0.00000000E+00 0.00000000E+00     Cr-Pb [2021Cha] average G*
 1.00000000E+00  0.0 0.00000000E+00  0.0 0.00000000E+00  0.0 0.00000000E+00  0.0 0.00000000E+00  0.0 0.00000000E+00  0.0
ViP 21 77 99 99  0  0 0 0 0 0 1.76852950E+04 2.25600000E+01 0.00000000E+00 0.00000000E+00 0.00000000E+00 0.00000000E+00     Cr-Si [2021Cha] average G*
 1.00000000E+00  0.0 0.00000000E+00  0.0 0.00000000E+00  0.0 0.00000000E+00  0.0 0.00000000E+00  0.0 0.00000000E+00  0.0
ViP 21 79 99 99  0  0 0 0 0 0 1.33047480E+04 2.78435700E+01 0.00000000E+00 0.00000000E+00 0.00000000E+00 0.00000000E+00     Cr-Sn [2021Cha] average G*
 1.00000000E+00  0.0 0.00000000E+00  0.0 0.00000000E+00  0.0 0.00000000E+00  0.0 0.00000000E+00  0.0 0.00000000E+00  0.0
ViP 21 95 99 99  0  0 0 0 0 0 1.66493050E+04 2.47300000E+01 0.00000000E+00 0.00000000E+00 0.00000000E+00 0.00000000E+00     Cr-Zn [2021Cha] average G*
 1.00000000E+00  0.0 0.00000000E+00  0.0 0.00000000E+00  0.0 0.00000000E+00  0.0 0.00000000E+00  0.0 0.00000000E+00  0.0
ViP 23 28 99 99  0  0 0 0 0 0 2.83474550E+04 2.01500000E+01 0.00000000E+00 0.00000000E+00 0.00000000E+00 0.00000000E+00     Cu-Fe [2021Cha] average G*
 1.00000000E+00  0.0 0.00000000E+00  0.0 0.00000000E+00  0.0 0.00000000E+00  0.0 0.00000000E+00  0.0 0.00000000E+00  0.0
ViP 23 30 99 99  0  0 0 0 0 0 1.24674840E+04 2.10905150E+01 0.00000000E+00 0.00000000E+00 0.00000000E+00 0.00000000E+00     Cu-Ga [2021Cha] average G*
 1.00000000E+00  0.0 0.00000000E+00  0.0 0.00000000E+00  0.0 0.00000000E+00  0.0 0.00000000E+00  0.0 0.00000000E+00  0.0
ViP 23 39 99 99  0  0 0 0 0 0 1.32797770E+04 2.20678300E+01 0.00000000E+00 0.00000000E+00 0.00000000E+00 0.00000000E+00     Cu-In [2021Cha] average G*
 1.00000000E+00  0.0 0.00000000E+00  0.0 0.00000000E+00  0.0 0.00000000E+00  0.0 0.00000000E+00  0.0 0.00000000E+00  0.0
ViP 23 41 99 99  0  0 0 0 0 0 1.31018740E+04 2.00507500E+01 0.00000000E+00 0.00000000E+00 0.00000000E+00 0.00000000E+00     Cu-K  [2021Cha] average G*
 1.00000000E+00  0.0 0.00000000E+00  0.0 0.00000000E+00  0.0 0.00000000E+00  0.0 0.00000000E+00  0.0 0.00000000E+00  0.0
ViP 23 44 99 99  0  0 0 0 0 0 1.30308460E+04 1.73073900E+01 0.00000000E+00 0.00000000E+00 0.00000000E+00 0.00000000E+00     Cu-Li [2021Cha] average G*
 1.00000000E+00  0.0 0.00000000E+00  0.0 0.00000000E+00  0.0 0.00000000E+00  0.0 0.00000000E+00  0.0 0.00000000E+00  0.0
ViP 23 46 99 99  0  0 0 0 0 0 2.20000000E+04 1.67050000E+01 0.00000000E+00 0.00000000E+00 0.00000000E+00 0.00000000E+00     Cu-Mg [2021Cha] rough fit of Hirai's data
 1.00000000E+00  0.0 0.00000000E+00  0.0 0.00000000E+00  0.0 0.00000000E+00  0.0 0.00000000E+00  0.0 0.00000000E+00  0.0
ViP 23 47 99 99  0  0 0 0 0 0 1.97474550E+04 2.39000000E+01 0.00000000E+00 0.00000000E+00 0.00000000E+00 0.00000000E+00     Cu-Mn [2021Cha] average G*
 1.00000000E+00  0.0 0.00000000E+00  0.0 0.00000000E+00  0.0 0.00000000E+00  0.0 0.00000000E+00  0.0 0.00000000E+00  0.0
ViP 23 50 99 99  0  0 0 0 0 0 1.35327800E+04 1.80616800E+01 0.00000000E+00 0.00000000E+00 0.00000000E+00 0.00000000E+00     Cu-Na [2021Cha] average G*
 1.00000000E+00  0.0 0.00000000E+00  0.0 0.00000000E+00  0.0 0.00000000E+00  0.0 0.00000000E+00  0.0 0.00000000E+00  0.0
ViP 23 54 99 99  0  0 0 0 0 0 1.97474550E+04 2.36500000E+01 0.00000000E+00 0.00000000E+00 0.00000000E+00 0.00000000E+00     Cu-Ni [2021Cha] average G*
 1.00000000E+00  0.0 0.00000000E+00  0.0 0.00000000E+00  0.0 0.00000000E+00  0.0 0.00000000E+00  0.0 0.00000000E+00  0.0
ViP 23 60 99 99  0  0 0 0 0 0 1.59230090E+04 1.10965050E+01 1.60099360E+00 0.00000000E+00 0.00000000E+00 0.00000000E+00     Cu-Pb [2021Cha] average G*
 1.00000000E+00  0.0 0.00000000E+00  0.0 0.00000000E+00  0.0 0.00000000E+00  0.0 0.00000000E+00  0.0 0.00000000E+00  0.0
ViP 23 77 99 99  0  0 0 0 0 0 1.77827500E+04 1.77100000E+01 0.00000000E+00 0.00000000E+00 0.00000000E+00 0.00000000E+00     Cu-Si [2008Cha] avergae G*
 1.00000000E+00  0.0 0.00000000E+00  0.0 0.00000000E+00  0.0 0.00000000E+00  0.0 0.00000000E+00  0.0 0.00000000E+00  0.0
ViP 23 79 99 99  0  0 0 0 0 0 1.34022030E+04 2.29935700E+01 0.00000000E+00 0.00000000E+00 0.00000000E+00 0.00000000E+00     Cu-Sn [2021Cha] average G*
 1.00000000E+00  0.0 0.00000000E+00  0.0 0.00000000E+00  0.0 0.00000000E+00  0.0 0.00000000E+00  0.0 0.00000000E+00  0.0
ViP 23 95 99 99  0  0 0 0 0 0 1.62268900E+04 2.06400000E+01 0.00000000E+00 0.00000000E+00 0.00000000E+00 0.00000000E+00     Cu-Zn [2008Cha] avergae G*
 1.00000000E+00  0.0 0.00000000E+00  0.0 0.00000000E+00  0.0 0.00000000E+00  0.0 0.00000000E+00  0.0 0.00000000E+00  0.0
ViP 28 30 99 99  0  0 0 0 0 0 1.96200290E+04 2.09405150E+01 0.00000000E+00 0.00000000E+00 0.00000000E+00 0.00000000E+00     Fe-Ga [2021Cha] average G*
 1.00000000E+00  0.0 0.00000000E+00  0.0 0.00000000E+00  0.0 0.00000000E+00  0.0 0.00000000E+00  0.0 0.00000000E+00  0.0
ViP 28 39 99 99  0  0 0 0 0 0 2.04323220E+04 2.19178300E+01 0.00000000E+00 0.00000000E+00 0.00000000E+00 0.00000000E+00     Fe-In [2021Cha] average G*
 1.00000000E+00  0.0 0.00000000E+00  0.0 0.00000000E+00  0.0 0.00000000E+00  0.0 0.00000000E+00  0.0 0.00000000E+00  0.0
ViP 28 41 99 99  0  0 0 0 0 0 2.02544190E+04 1.99007500E+01 0.00000000E+00 0.00000000E+00 0.00000000E+00 0.00000000E+00     Fe-K  [2021Cha] average G*
 1.00000000E+00  0.0 0.00000000E+00  0.0 0.00000000E+00  0.0 0.00000000E+00  0.0 0.00000000E+00  0.0 0.00000000E+00  0.0
ViP 28 44 99 99  0  0 0 0 0 0 2.01833910E+04 1.71573900E+01 0.00000000E+00 0.00000000E+00 0.00000000E+00 0.00000000E+00     Fe-Li [2021Cha] average G*
 1.00000000E+00  0.0 0.00000000E+00  0.0 0.00000000E+00  0.0 0.00000000E+00  0.0 0.00000000E+00  0.0 0.00000000E+00  0.0
ViP 28 46 99 99  0  0 0 0 0 0 2.66622150E+04 1.65555000E+01 0.00000000E+00 0.00000000E+00 0.00000000E+00 0.00000000E+00     Fe-Mg [2021Cha] average G*
 1.00000000E+00  0.0 0.00000000E+00  0.0 0.00000000E+00  0.0 0.00000000E+00  0.0 0.00000000E+00  0.0 0.00000000E+00  0.0
ViP 28 47 99 99  0  0 0 0 0 0 2.69000000E+04 2.37500000E+01 0.00000000E+00 0.00000000E+00 0.00000000E+00 0.00000000E+00     Fe-Mn [2021Cha] average G*
 1.00000000E+00  0.0 0.00000000E+00  0.0 0.00000000E+00  0.0 0.00000000E+00  0.0 0.00000000E+00  0.0 0.00000000E+00  0.0
ViP 28 50 99 99  0  0 0 0 0 0 2.06853250E+04 1.79116800E+01 0.00000000E+00 0.00000000E+00 0.00000000E+00 0.00000000E+00     Fe-Na [2021Cha] average G*
 1.00000000E+00  0.0 0.00000000E+00  0.0 0.00000000E+00  0.0 0.00000000E+00  0.0 0.00000000E+00  0.0 0.00000000E+00  0.0
ViP 28 54 99 99  0  0 0 0 0 0 2.69000000E+04 2.35000000E+01 0.00000000E+00 0.00000000E+00 0.00000000E+00 0.00000000E+00     Fe-Ni [2021Cha] average G*
 1.00000000E+00  0.0 0.00000000E+00  0.0 0.00000000E+00  0.0 0.00000000E+00  0.0 0.00000000E+00  0.0 0.00000000E+00  0.0
ViP 28 60 99 99  0  0 0 0 0 0 2.30755540E+04 1.09465050E+01 1.60099360E+00 0.00000000E+00 0.00000000E+00 0.00000000E+00     Fe-Pb [2021Cha] average G*
 1.00000000E+00  0.0 0.00000000E+00  0.0 0.00000000E+00  0.0 0.00000000E+00  0.0 0.00000000E+00  0.0 0.00000000E+00  0.0
ViP 28 77 99 99  0  0 0 0 0 0 2.49352950E+04 1.75600000E+01 0.00000000E+00 0.00000000E+00 0.00000000E+00 0.00000000E+00     Fe-Si [2021Cha] average G*
 1.00000000E+00  0.0 0.00000000E+00  0.0 0.00000000E+00  0.0 0.00000000E+00  0.0 0.00000000E+00  0.0 0.00000000E+00  0.0
ViP 28 79 99 99  0  0 0 0 0 0 2.05547480E+04 2.28435700E+01 0.00000000E+00 0.00000000E+00 0.00000000E+00 0.00000000E+00     Fe-Sn [2021Cha] average G*
 1.00000000E+00  0.0 0.00000000E+00  0.0 0.00000000E+00  0.0 0.00000000E+00  0.0 0.00000000E+00  0.0 0.00000000E+00  0.0
ViP 28 95 99 99  0  0 0 0 0 0 2.38993050E+04 1.97300000E+01 0.00000000E+00 0.00000000E+00 0.00000000E+00 0.00000000E+00     Fe-Zn [2021Cha] average G*
 1.00000000E+00  0.0 0.00000000E+00  0.0 0.00000000E+00  0.0 0.00000000E+00  0.0 0.00000000E+00  0.0 0.00000000E+00  0.0
ViP 30 39 99 99  0  0 0 0 0 0 0.45523500E+04 2.28583450E+01 0.00000000E+00 0.00000000E+00 0.00000000E+00 0.00000000E+00     Ga-In [2021Cha] average G*
 1.00000000E+00  0.0 0.00000000E+00  0.0 0.00000000E+00  0.0 0.00000000E+00  0.0 0.00000000E+00  0.0 0.00000000E+00  0.0
ViP 30 41 99 99  0  0 0 0 0 0 0.43744475E+04 2.08412650E+01 0.00000000E+00 0.00000000E+00 0.00000000E+00 0.00000000E+00     Ga-K  [2021Cha] average G*
 1.00000000E+00  0.0 0.00000000E+00  0.0 0.00000000E+00  0.0 0.00000000E+00  0.0 0.00000000E+00  0.0 0.00000000E+00  0.0
ViP 30 44 99 99  0  0 0 0 0 0 0.43034195E+04 1.80979050E+01 0.00000000E+00 0.00000000E+00 0.00000000E+00 0.00000000E+00     Ga-Li [2021Cha] average G*
 1.00000000E+00  0.0 0.00000000E+00  0.0 0.00000000E+00  0.0 0.00000000E+00  0.0 0.00000000E+00  0.0 0.00000000E+00  0.0
ViP 30 46 99 99  0  0 0 0 0 0 1.07822440E+04 1.74955150E+01 0.00000000E+00 0.00000000E+00 0.00000000E+00 0.00000000E+00     Ga-Mg [2021Cha] average G*
 1.00000000E+00  0.0 0.00000000E+00  0.0 0.00000000E+00  0.0 0.00000000E+00  0.0 0.00000000E+00  0.0 0.00000000E+00  0.0
ViP 30 47 99 99  0  0 0 0 0 0 1.10200290E+04 2.46905150E+01 0.00000000E+00 0.00000000E+00 0.00000000E+00 0.00000000E+00     Ga-Mn [2021Cha] average G*
 1.00000000E+00  0.0 0.00000000E+00  0.0 0.00000000E+00  0.0 0.00000000E+00  0.0 0.00000000E+00  0.0 0.00000000E+00  0.0
ViP 30 50 99 99  0  0 0 0 0 0 0.48053530E+04 1.88521950E+01 0.00000000E+00 0.00000000E+00 0.00000000E+00 0.00000000E+00     Ga-Na [2021Cha] average G*
 1.00000000E+00  0.0 0.00000000E+00  0.0 0.00000000E+00  0.0 0.00000000E+00  0.0 0.00000000E+00  0.0 0.00000000E+00  0.0
ViP 30 54 99 99  0  0 0 0 0 0 1.10200290E+04 2.44405150E+01 0.00000000E+00 0.00000000E+00 0.00000000E+00 0.00000000E+00     Ga-Ni [2021Cha] average G*
 1.00000000E+00  0.0 0.00000000E+00  0.0 0.00000000E+00  0.0 0.00000000E+00  0.0 0.00000000E+00  0.0 0.00000000E+00  0.0
ViP 30 60 99 99  0  0 0 0 0 0 0.71955823E+04 1.18870200E+01 1.60099360E+00 0.00000000E+00 0.00000000E+00 0.00000000E+00     Ga-Pb [2021Cha] average G*
 1.00000000E+00  0.0 0.00000000E+00  0.0 0.00000000E+00  0.0 0.00000000E+00  0.0 0.00000000E+00  0.0 0.00000000E+00  0.0
ViP 30 77 99 99  0  0 0 0 0 0 0.90553235E+04 1.85005150E+01 0.00000000E+00 0.00000000E+00 0.00000000E+00 0.00000000E+00     Ga-Si [2021Cha] average G*
 1.00000000E+00  0.0 0.00000000E+00  0.0 0.00000000E+00  0.0 0.00000000E+00  0.0 0.00000000E+00  0.0 0.00000000E+00  0.0
ViP 30 79 99 99  0  0 0 0 0 0 0.46747765E+04 2.37840850E+01 0.00000000E+00 0.00000000E+00 0.00000000E+00 0.00000000E+00     Ga-Sn [2021Cha] average G*
 1.00000000E+00  0.0 0.00000000E+00  0.0 0.00000000E+00  0.0 0.00000000E+00  0.0 0.00000000E+00  0.0 0.00000000E+00  0.0
ViP 30 95 99 99  0  0 0 0 0 0 0.80193335E+04 2.06705150E+01 0.00000000E+00 0.00000000E+00 0.00000000E+00 0.00000000E+00     Ga-Zn [2021Cha] average G*
 1.00000000E+00  0.0 0.00000000E+00  0.0 0.00000000E+00  0.0 0.00000000E+00  0.0 0.00000000E+00  0.0 0.00000000E+00  0.0
ViP 39 41 99 99  0  0 0 0 0 0 0.51867405E+04 2.18185800E+01 0.00000000E+00 0.00000000E+00 0.00000000E+00 0.00000000E+00     In-K  [2021Cha] average G*
 1.00000000E+00  0.0 0.00000000E+00  0.0 0.00000000E+00  0.0 0.00000000E+00  0.0 0.00000000E+00  0.0 0.00000000E+00  0.0
ViP 39 44 99 99  0  0 0 0 0 0 0.48667820E+04 1.90752200E+01 0.00000000E+00 0.00000000E+00 0.00000000E+00 0.00000000E+00     In-Li [2021Cha] average G*
 1.00000000E+00  0.0 0.00000000E+00  0.0 0.00000000E+00  0.0 0.00000000E+00  0.0 0.00000000E+00  0.0 0.00000000E+00  0.0
ViP 39 46 99 99  0  0 0 0 0 0 1.15945370E+04 1.84728300E+01 0.00000000E+00 0.00000000E+00 0.00000000E+00 0.00000000E+00     In-Mg [2021Cha] average G*
 1.00000000E+00  0.0 0.00000000E+00  0.0 0.00000000E+00  0.0 0.00000000E+00  0.0 0.00000000E+00  0.0 0.00000000E+00  0.0
ViP 39 47 99 99  0  0 0 0 0 0 1.18323220E+04 2.56678300E+01 0.00000000E+00 0.00000000E+00 0.00000000E+00 0.00000000E+00     In-Mn [2021Cha] average G*
 1.00000000E+00  0.0 0.00000000E+00  0.0 0.00000000E+00  0.0 0.00000000E+00  0.0 0.00000000E+00  0.0 0.00000000E+00  0.0
ViP 39 50 99 99  0  0 0 0 0 0 0.56176460E+04 1.98295100E+01 0.00000000E+00 0.00000000E+00 0.00000000E+00 0.00000000E+00     In-Na [2021Cha] average G*
 1.00000000E+00  0.0 0.00000000E+00  0.0 0.00000000E+00  0.0 0.00000000E+00  0.0 0.00000000E+00  0.0 0.00000000E+00  0.0
ViP 39 54 99 99  0  0 0 0 0 0 1.18323220E+04 2.54178300E+01 0.00000000E+00 0.00000000E+00 0.00000000E+00 0.00000000E+00     In-Ni [2021Cha] average G*
 1.00000000E+00  0.0 0.00000000E+00  0.0 0.00000000E+00  0.0 0.00000000E+00  0.0 0.00000000E+00  0.0 0.00000000E+00  0.0
ViP 39 60 99 99  0  0 0 0 0 0 0.80078753E+04 1.28643350E+01 1.60099360E+00 0.00000000E+00 0.00000000E+00 0.00000000E+00     In-Pb [2021Cha] average G*
 1.00000000E+00  0.0 0.00000000E+00  0.0 0.00000000E+00  0.0 0.00000000E+00  0.0 0.00000000E+00  0.0 0.00000000E+00  0.0
ViP 39 77 99 99  0  0 0 0 0 0 0.98676165E+04 1.94778300E+01 0.00000000E+00 0.00000000E+00 0.00000000E+00 0.00000000E+00     In-Si [2021Cha] average G*
 1.00000000E+00  0.0 0.00000000E+00  0.0 0.00000000E+00  0.0 0.00000000E+00  0.0 0.00000000E+00  0.0 0.00000000E+00  0.0
ViP 39 79 99 99  0  0 0 0 0 0 0.54870695E+04 2.47614000E+01 0.00000000E+00 0.00000000E+00 0.00000000E+00 0.00000000E+00     In-Sn [2021Cha] average G*
 1.00000000E+00  0.0 0.00000000E+00  0.0 0.00000000E+00  0.0 0.00000000E+00  0.0 0.00000000E+00  0.0 0.00000000E+00  0.0
ViP 39 95 99 99  0  0 0 0 0 0 0.81000000E+04 2.16478300E+01 0.00000000E+00 0.00000000E+00 0.00000000E+00 0.00000000E+00     In-Zn [2021Cha] Koirala et al 2017
 1.00000000E+00  0.0 0.00000000E+00  0.0 0.00000000E+00  0.0 0.00000000E+00  0.0 0.00000000E+00  0.0 0.00000000E+00  0.0
ViP 41 44 99 99  0  0 0 0 0 0 0.49378100E+04 1.70581400E+01 0.00000000E+00 0.00000000E+00 0.00000000E+00 0.00000000E+00     K -Li [2021Cha] average G*
 1.00000000E+00  0.0 0.00000000E+00  0.0 0.00000000E+00  0.0 0.00000000E+00  0.0 0.00000000E+00  0.0 0.00000000E+00  0.0
ViP 41 46 99 99  0  0 0 0 0 0 1.14166340E+04 1.64557500E+01 0.00000000E+00 0.00000000E+00 0.00000000E+00 0.00000000E+00     K -Mg [2021Cha] average G*
 1.00000000E+00  0.0 0.00000000E+00  0.0 0.00000000E+00  0.0 0.00000000E+00  0.0 0.00000000E+00  0.0 0.00000000E+00  0.0
ViP 41 47 99 99  0  0 0 0 0 0 1.16544190E+04 2.36507500E+01 0.00000000E+00 0.00000000E+00 0.00000000E+00 0.00000000E+00     K -Mn [2021Cha] average G*
 1.00000000E+00  0.0 0.00000000E+00  0.0 0.00000000E+00  0.0 0.00000000E+00  0.0 0.00000000E+00  0.0 0.00000000E+00  0.0
ViP 41 50 99 99  0  0 0 0 0 0 0.54397435E+04 1.78124300E+01 0.00000000E+00 0.00000000E+00 0.00000000E+00 0.00000000E+00     K -Na [2021Cha] average G*
 1.00000000E+00  0.0 0.00000000E+00  0.0 0.00000000E+00  0.0 0.00000000E+00  0.0 0.00000000E+00  0.0 0.00000000E+00  0.0
ViP 41 54 99 99  0  0 0 0 0 0 1.16544190E+04 2.34007500E+01 0.00000000E+00 0.00000000E+00 0.00000000E+00 0.00000000E+00     K -Ni [2021Cha] average G*
 1.00000000E+00  0.0 0.00000000E+00  0.0 0.00000000E+00  0.0 0.00000000E+00  0.0 0.00000000E+00  0.0 0.00000000E+00  0.0
ViP 41 60 99 99  0  0 0 0 0 0 0.78299728E+04 1.08472550E+01 1.60099360E+00 0.00000000E+00 0.00000000E+00 0.00000000E+00     K -Pb [2021Cha] average G*
 1.00000000E+00  0.0 0.00000000E+00  0.0 0.00000000E+00  0.0 0.00000000E+00  0.0 0.00000000E+00  0.0 0.00000000E+00  0.0
ViP 41 77 99 99  0  0 0 0 0 0 0.96897140E+04 1.74607500E+01 0.00000000E+00 0.00000000E+00 0.00000000E+00 0.00000000E+00     K -Si [2021Cha] average G*
 1.00000000E+00  0.0 0.00000000E+00  0.0 0.00000000E+00  0.0 0.00000000E+00  0.0 0.00000000E+00  0.0 0.00000000E+00  0.0
ViP 41 79 99 99  0  0 0 0 0 0 0.53091670E+04 2.27443200E+01 0.00000000E+00 0.00000000E+00 0.00000000E+00 0.00000000E+00     K -Sn [2021Cha] average G*
 1.00000000E+00  0.0 0.00000000E+00  0.0 0.00000000E+00  0.0 0.00000000E+00  0.0 0.00000000E+00  0.0 0.00000000E+00  0.0
ViP 41 95 99 99  0  0 0 0 0 0 0.86537240E+04 1.96307500E+01 0.00000000E+00 0.00000000E+00 0.00000000E+00 0.00000000E+00     K -Zn [2021Cha] average G*
 1.00000000E+00  0.0 0.00000000E+00  0.0 0.00000000E+00  0.0 0.00000000E+00  0.0 0.00000000E+00  0.0 0.00000000E+00  0.0
ViP 44 46 99 99  0  0 0 0 0 0 1.13456060E+04 1.37123900E+01 0.00000000E+00 0.00000000E+00 0.00000000E+00 0.00000000E+00     Li-Mg [2021Cha] average G*
 1.00000000E+00  0.0 0.00000000E+00  0.0 0.00000000E+00  0.0 0.00000000E+00  0.0 0.00000000E+00  0.0 0.00000000E+00  0.0
ViP 44 47 99 99  0  0 0 0 0 0 1.15833910E+04 2.09073900E+01 0.00000000E+00 0.00000000E+00 0.00000000E+00 0.00000000E+00     Li-Mn [2021Cha] average G*
 1.00000000E+00  0.0 0.00000000E+00  0.0 0.00000000E+00  0.0 0.00000000E+00  0.0 0.00000000E+00  0.0 0.00000000E+00  0.0
ViP 44 50 99 99  0  0 0 0 0 0 0.53687155E+04 1.50690700E+01 0.00000000E+00 0.00000000E+00 0.00000000E+00 0.00000000E+00     Li-Na [2021Cha] average G*
 1.00000000E+00  0.0 0.00000000E+00  0.0 0.00000000E+00  0.0 0.00000000E+00  0.0 0.00000000E+00  0.0 0.00000000E+00  0.0
ViP 44 54 99 99  0  0 0 0 0 0 1.15833910E+04 2.06573900E+01 0.00000000E+00 0.00000000E+00 0.00000000E+00 0.00000000E+00     Li-Ni [2021Cha] average G*
 1.00000000E+00  0.0 0.00000000E+00  0.0 0.00000000E+00  0.0 0.00000000E+00  0.0 0.00000000E+00  0.0 0.00000000E+00  0.0
ViP 44 60 99 99  0  0 0 0 0 0 0.77589448E+04 0.81038946E+01 1.60099360E+00 0.00000000E+00 0.00000000E+00 0.00000000E+00     Li-Pb [2021Cha] average G*
 1.00000000E+00  0.0 0.00000000E+00  0.0 0.00000000E+00  0.0 0.00000000E+00  0.0 0.00000000E+00  0.0 0.00000000E+00  0.0
ViP 44 77 99 99  0  0 0 0 0 0 0.96186860E+04 1.47173900E+01 0.00000000E+00 0.00000000E+00 0.00000000E+00 0.00000000E+00     Li-Si [2021Cha] average G*
 1.00000000E+00  0.0 0.00000000E+00  0.0 0.00000000E+00  0.0 0.00000000E+00  0.0 0.00000000E+00  0.0 0.00000000E+00  0.0
ViP 44 79 99 99  0  0 0 0 0 0 0.52381390E+04 2.00009600E+01 0.00000000E+00 0.00000000E+00 0.00000000E+00 0.00000000E+00     Li-Sn [2021Cha] average G*
 1.00000000E+00  0.0 0.00000000E+00  0.0 0.00000000E+00  0.0 0.00000000E+00  0.0 0.00000000E+00  0.0 0.00000000E+00  0.0
ViP 44 95 99 99  0  0 0 0 0 0 1.50000000E+04 1.68873900E+01 0.00000000E+00 0.00000000E+00 0.00000000E+00 0.00000000E+00     Li-Zn [2021Cha] Trybula 2014
 1.00000000E+00  0.0 0.00000000E+00  0.0 0.00000000E+00  0.0 0.00000000E+00  0.0 0.00000000E+00  0.0 0.00000000E+00  0.0
ViP 46 47 99 99  0  0 0 0 0 0 1.80622150E+04 2.03050000E+01 0.00000000E+00 0.00000000E+00 0.00000000E+00 0.00000000E+00     Mg-Mn [2021Cha] average G*
 1.00000000E+00  0.0 0.00000000E+00  0.0 0.00000000E+00  0.0 0.00000000E+00  0.0 0.00000000E+00  0.0 0.00000000E+00  0.0
ViP 46 50 99 99  0  0 0 0 0 0 1.18475400E+04 1.44666800E+01 0.00000000E+00 0.00000000E+00 0.00000000E+00 0.00000000E+00     Mg-Na [2021Cha] average G*
 1.00000000E+00  0.0 0.00000000E+00  0.0 0.00000000E+00  0.0 0.00000000E+00  0.0 0.00000000E+00  0.0 0.00000000E+00  0.0
ViP 46 54 99 99  0  0 0 0 0 0 1.80622150E+04 2.00550000E+01 0.00000000E+00 0.00000000E+00 0.00000000E+00 0.00000000E+00     Mg-Ni [2021Cha] average G*
 1.00000000E+00  0.0 0.00000000E+00  0.0 0.00000000E+00  0.0 0.00000000E+00  0.0 0.00000000E+00  0.0 0.00000000E+00  0.0
ViP 46 60 99 99  0  0 0 0 0 0 1.42377690E+04 0.75015046E+01 1.60099360E+00 0.00000000E+00 0.00000000E+00 0.00000000E+00     Mg-Pb [2021Cha] average G*
 1.00000000E+00  0.0 0.00000000E+00  0.0 0.00000000E+00  0.0 0.00000000E+00  0.0 0.00000000E+00  0.0 0.00000000E+00  0.0
ViP 46 77 99 99  0  0 0 0 0 0 4.00000000E+04 2.10000000E+01 0.00000000E+00 0.00000000E+00 0.00000000E+00 0.00000000E+00     Mg-Si [2021Cha] rough fit of Hirai's data
 1.00000000E+00  0.0 0.00000000E+00  0.0 0.00000000E+00  0.0 0.00000000E+00  0.0 0.00000000E+00  0.0 0.00000000E+00  0.0
ViP 46 79 99 99  0  0 0 0 0 0 1.17169630E+04 1.93985700E+01 0.00000000E+00 0.00000000E+00 0.00000000E+00 0.00000000E+00     Mg-Sn [2021Cha] average G*
 1.00000000E+00  0.0 0.00000000E+00  0.0 0.00000000E+00  0.0 0.00000000E+00  0.0 0.00000000E+00  0.0 0.00000000E+00  0.0
ViP 46 95 99 99  0  0 0 0 0 0 1.45416500E+04 1.70450000E+01 0.00000000E+00 0.00000000E+00 0.00000000E+00 0.00000000E+00     Mg-Zn [2008Cha] avergae G*
 1.00000000E+00  0.0 0.00000000E+00  0.0 0.00000000E+00  0.0 0.00000000E+00  0.0 0.00000000E+00  0.0 0.00000000E+00  0.0
ViP 47 50 99 99  0  0 0 0 0 0 1.20853250E+04 2.16616800E+01 0.00000000E+00 0.00000000E+00 0.00000000E+00 0.00000000E+00     Mn-Na [2021Cha] average G*
 1.00000000E+00  0.0 0.00000000E+00  0.0 0.00000000E+00  0.0 0.00000000E+00  0.0 0.00000000E+00  0.0 0.00000000E+00  0.0
ViP 47 54 99 99  0  0 0 0 0 0 1.83000000E+04 2.73500000E+01 0.00000000E+00 0.00000000E+00 0.00000000E+00 0.00000000E+00     Mn-Ni [2021Cha] average G*
 1.00000000E+00  0.0 0.00000000E+00  0.0 0.00000000E+00  0.0 0.00000000E+00  0.0 0.00000000E+00  0.0 0.00000000E+00  0.0
ViP 47 60 99 99  0  0 0 0 0 0 1.44755540E+04 1.46965050E+01 1.60099360E+00 0.00000000E+00 0.00000000E+00 0.00000000E+00     Mn-Pb [2021Cha] average G*
 1.00000000E+00  0.0 0.00000000E+00  0.0 0.00000000E+00  0.0 0.00000000E+00  0.0 0.00000000E+00  0.0 0.00000000E+00  0.0
ViP 47 77 99 99  0  0 0 0 0 0 1.63352950E+04 2.13100000E+01 0.00000000E+00 0.00000000E+00 0.00000000E+00 0.00000000E+00     Mn-Si [2021Cha] average G*
 1.00000000E+00  0.0 0.00000000E+00  0.0 0.00000000E+00  0.0 0.00000000E+00  0.0 0.00000000E+00  0.0 0.00000000E+00  0.0
ViP 47 79 99 99  0  0 0 0 0 0 1.19547480E+04 2.65935700E+01 0.00000000E+00 0.00000000E+00 0.00000000E+00 0.00000000E+00     Mn-Sn [2021Cha] average G*
 1.00000000E+00  0.0 0.00000000E+00  0.0 0.00000000E+00  0.0 0.00000000E+00  0.0 0.00000000E+00  0.0 0.00000000E+00  0.0
ViP 47 95 99 99  0  0 0 0 0 0 1.52993050E+04 2.34800000E+01 0.00000000E+00 0.00000000E+00 0.00000000E+00 0.00000000E+00     Mn-Zn [2021Cha] average G*
 1.00000000E+00  0.0 0.00000000E+00  0.0 0.00000000E+00  0.0 0.00000000E+00  0.0 0.00000000E+00  0.0 0.00000000E+00  0.0
ViP 50 54 99 99  0  0 0 0 0 0 1.20853250E+04 2.14116800E+01 0.00000000E+00 0.00000000E+00 0.00000000E+00 0.00000000E+00     Na-Ni [2021Cha] average G*
 1.00000000E+00  0.0 0.00000000E+00  0.0 0.00000000E+00  0.0 0.00000000E+00  0.0 0.00000000E+00  0.0 0.00000000E+00  0.0
ViP 50 60 99 99  0  0 0 0 0 0 0.82608783E+04 0.88581846E+01 1.60099360E+00 0.00000000E+00 0.00000000E+00 0.00000000E+00     Na-Pb [2021Cha] average G*
 1.00000000E+00  0.0 0.00000000E+00  0.0 0.00000000E+00  0.0 0.00000000E+00  0.0 0.00000000E+00  0.0 0.00000000E+00  0.0
ViP 50 77 99 99  0  0 0 0 0 0 1.01206200E+04 1.54716800E+01 0.00000000E+00 0.00000000E+00 0.00000000E+00 0.00000000E+00     Na-Si [2021Cha] average G*
 1.00000000E+00  0.0 0.00000000E+00  0.0 0.00000000E+00  0.0 0.00000000E+00  0.0 0.00000000E+00  0.0 0.00000000E+00  0.0
ViP 50 79 99 99  0  0 0 0 0 0 0.57400725E+04 2.07552500E+01 0.00000000E+00 0.00000000E+00 0.00000000E+00 0.00000000E+00     Na-Sn [2021Cha] average G*
 1.00000000E+00  0.0 0.00000000E+00  0.0 0.00000000E+00  0.0 0.00000000E+00  0.0 0.00000000E+00  0.0 0.00000000E+00  0.0
ViP 50 95 99 99  0  0 0 0 0 0 0.90846295E+04 1.76416800E+01 0.00000000E+00 0.00000000E+00 0.00000000E+00 0.00000000E+00     Na-Zn [2021Cha] average G*
 1.00000000E+00  0.0 0.00000000E+00  0.0 0.00000000E+00  0.0 0.00000000E+00  0.0 0.00000000E+00  0.0 0.00000000E+00  0.0
ViP 54 60 99 99  0  0 0 0 0 0 1.44755540E+04 1.44465050E+01 1.60099360E+00 0.00000000E+00 0.00000000E+00 0.00000000E+00     Ni-Pb [2021Cha] average G*
 1.00000000E+00  0.0 0.00000000E+00  0.0 0.00000000E+00  0.0 0.00000000E+00  0.0 0.00000000E+00  0.0 0.00000000E+00  0.0
ViP 54 77 99 99  0  0 0 0 0 0 1.63352950E+04 2.10600000E+01 0.00000000E+00 0.00000000E+00 0.00000000E+00 0.00000000E+00     Ni-Si [2021Cha] average G*
 1.00000000E+00  0.0 0.00000000E+00  0.0 0.00000000E+00  0.0 0.00000000E+00  0.0 0.00000000E+00  0.0 0.00000000E+00  0.0
ViP 54 79 99 99  0  0 0 0 0 0 1.19547480E+04 2.63435700E+01 0.00000000E+00 0.00000000E+00 0.00000000E+00 0.00000000E+00     Ni-Sn [2021Cha] average G*
 1.00000000E+00  0.0 0.00000000E+00  0.0 0.00000000E+00  0.0 0.00000000E+00  0.0 0.00000000E+00  0.0 0.00000000E+00  0.0
ViP 54 95 99 99  0  0 0 0 0 0 1.52993050E+04 2.32300000E+01 0.00000000E+00 0.00000000E+00 0.00000000E+00 0.00000000E+00     Ni-Zn [2021Cha] average G*
 1.00000000E+00  0.0 0.00000000E+00  0.0 0.00000000E+00  0.0 0.00000000E+00  0.0 0.00000000E+00  0.0 0.00000000E+00  0.0
ViP 60 77 99 99  0  0 0 0 0 0 1.25108490E+04 0.85065046E+01 1.60099360E+00 0.00000000E+00 0.00000000E+00 0.00000000E+00     Pb-Si [2021Cha] average G*
 1.00000000E+00  0.0 0.00000000E+00  0.0 0.00000000E+00  0.0 0.00000000E+00  0.0 0.00000000E+00  0.0 0.00000000E+00  0.0
ViP 60 79 99 99  0  0 0 0 0 0 1.00000000E+04 1.37900750E+01 1.60099360E+00 0.00000000E+00 0.00000000E+00 0.00000000E+00     Pb-Sn [2021Cha] from Ghebhardt
 1.00000000E+00  0.0 0.00000000E+00  0.0 0.00000000E+00  0.0 0.00000000E+00  0.0 0.00000000E+00  0.0 0.00000000E+00  0.0
ViP 60 95 99 99  0  0 0 0 0 0 1.27928063E+04-0.26781825E+01 3.38908508E+00 0.00000000E+00 0.00000000E+00 0.00000000E+00      Pb-Zn [2007Cha] average G*
 1.00000000E+00  0.0 0.00000000E+00  0.0 0.00000000E+00  0.0 0.00000000E+00  0.0 0.00000000E+00  0.0 0.00000000E+00  0.0
ViP 77 79 99 99  0  0 0 0 0 0 0.99900430E+04 2.04035700E+01 0.00000000E+00 0.00000000E+00 0.00000000E+00 0.00000000E+00     Si-Sn [2021Cha] average G*
 1.00000000E+00  0.0 0.00000000E+00  0.0 0.00000000E+00  0.0 0.00000000E+00  0.0 0.00000000E+00  0.0 0.00000000E+00  0.0
ViP 77 95 99 99  0  0 0 0 0 0 1.28147300E+04 1.80500000E+01 0.00000000E+00 0.00000000E+00 0.00000000E+00 0.00000000E+00     Si-Zn [2008Cha] avergae G*
 1.00000000E+00  0.0 0.00000000E+00  0.0 0.00000000E+00  0.0 0.00000000E+00  0.0 0.00000000E+00  0.0 0.00000000E+00  0.0
ViP 79 95 99 99  0  0 0 0 0 0 0.57000000E+04 2.10000000E+01 0.00000000E+00 0.00000000E+00 0.00000000E+00 0.00000000E+00     Sn-Zn [2021Cha] from Crawley
 1.00000000E+00  0.0 0.00000000E+00  0.0 0.00000000E+00  0.0 0.00000000E+00  0.0 0.00000000E+00  0.0 0.00000000E+00  0.0
ENDF    1


