FILE   01bGAS    Jan 12, 2007  1 47  0  0  0  0  0 0.00000000E+00 0.00000000E+00
Visc_associates -to calculate concentration of "associates" for viscosity
Elements SiO2, Al2O3, CaO, MgO, MnO, ZnO, FeO, NiO, PbO, Na2O, K2O, TiO2, Ti2O3, B2O3, Fe2O3, CaF2, NaF, KF, MgF2, AlF3, FeF2, MnF2, PbF2, ZnF2, NiF2, FeF3
 1SiO2                        214 8 0 0 0 0 0 0 1 2 0 0 0 0 0 0 0.10E+01  0
 2Al2O3                       213 8 0 0 0 0 0 0 2 3 0 0 0 0 0 0 0.10E+01  0
 3CaO                         220 8 0 0 0 0 0 0 1 1 0 0 0 0 0 0 0.10E+01  0
 4MgO                         212 8 0 0 0 0 0 0 1 1 0 0 0 0 0 0 0.10E+01  0
 5MnO                         225 8 0 0 0 0 0 0 1 1 0 0 0 0 0 0 0.10E+01  0
 6ZnO                         130 8 0 0 0 0 0 0 1 1 0 0 0 0 0 0 0.10E+01  0
 7FeO                         226 8 0 0 0 0 0 0 1 1 0 0 0 0 0 0 0.10E+01  0  0  0 0.000E+00
 8NiO                         128 8 0 0 0 0 0 0 1 1 0 0 0 0 0 0 0.10E+01  0
 9PbO                         282 8 0 0 0 0 0 0 1 1 0 0 0 0 0 0 0.10E+01  0
10Na2O                        211 8 0 0 0 0 0 0 2 1 0 0 0 0 0 0 0.10E+01  0
11K2O                         219 8 0 0 0 0 0 0 2 1 0 0 0 0 0 0 0.10E+01  0
12TiO2                        222 8 0 0 0 0 0 0 1 2 0 0 0 0 0 0 0.10E+01  0
13Ti2O3                       222 8 0 0 0 0 0 0 2 3 0 0 0 0 0 0 0.10E+01  0
14B2O3                        2 8 5 0 0 0 0 0 0 3 2 0 0 0 0 0 0 0.10E+01  0
15Fe2O3                       126 8 0 0 0 0 0 0 2 3 0 0 0 0 0 0 0.10E+01  0  0  0 0.000E+00
16CaF2                        220 9 0 0 0 0 0 0 1 2 0 0 0 0 0 0 0.10E+01  0
17NaF                         111 9 0 0 0 0 0 0 1 1 0 0 0 0 0 0 0.10E+01  0
18KF                          119 9 0 0 0 0 0 0 1 1 0 0 0 0 0 0 0.10E+01  0
19MgF2                        212 9 0 0 0 0 0 0 1 2 0 0 0 0 0 0 0.10E+01  0
20AlF3                        313 9 0 0 0 0 0 0 1 3 0 0 0 0 0 0 0.10E+01  0
21FeF2                        126 9 0 0 0 0 0 0 1 2 0 0 0 0 0 0 0.10E+01  0
22MnF2                        125 9 0 0 0 0 0 0 1 2 0 0 0 0 0 0 0.10E+01  0
23PbF2                        382 9 0 0 0 0 0 0 1 2 0 0 0 0 0 0 0.10E+01  0
24ZnF2                        130 9 0 0 0 0 0 0 1 2 0 0 0 0 0 0 0.10E+01  0
25NiF2                        128 9 0 0 0 0 0 0 1 2 0 0 0 0 0 0 0.10E+01  0
26FeF3                        326 9 0 0 0 0 0 0 1 3 0 0 0 0 0 0 0.10E+01  0
27CaAl2O4                     32013 8 0 0 0 0 0 1 2 4 0 0 0 0 0 0.10E+01  0
28MgAl2O4                     41312 8 0 0 0 0 0 2 1 4 0 0 0 0 0 0.10E+01  0
29Al2MnO4                     42513 8 0 0 0 0 0 1 2 4 0 0 0 0 0 0.10E+01  0
30Al2ZnO4                     43013 8 0 0 0 0 0 1 2 4 0 0 0 0 0 0.10E+01  0
31Al2FeO4                     42613 8 0 0 0 0 0 1 2 4 0 0 0 0 0 0.10E+01  0  0  0 0.000E+00
32Al2NiO4                     32813 8 0 0 0 0 0 1 2 4 0 0 0 0 0 0.10E+01  0
33Al2PbO4                     48213 8 0 0 0 0 0 1 2 4 0 0 0 0 0 0.10E+01  0
34NaAlO2                      41311 8 0 0 0 0 0 1 1 2 0 0 0 0 0 0.10E+01  0
35AlKO2                       41913 8 0 0 0 0 0 1 1 2 0 0 0 0 0 0.10E+01  0
36NaFeO2                      32611 8 0 0 0 0 0 1 1 2 0 0 0 0 0 0.10E+01  0  0  0 0.000E+00
37KFeO2                       32619 8 0 0 0 0 0 1 1 2 0 0 0 0 0 0.10E+01  0  0  0 0.000E+00
38Na10B40O65                  411 8 5 0 0 0 0 0106540 0 0 0 0 0 0.10E+01  0
39K10B40O65                   419 8 5 0 0 0 0 0106540 0 0 0 0 0 0.10E+01  0
40Na10B20O35                  411 8 5 0 0 0 0 0103520 0 0 0 0 0 0.10E+01  0
41K10B20O35                   419 8 5 0 0 0 0 0103520 0 0 0 0 0 0.10E+01  0
42Ca1B2O4                     420 8 5 0 0 0 0 0 1 4 2 0 0 0 0 0 0.10E+01  0
43Pb10B40O70                  382 8 5 0 0 0 0 0107040 0 0 0 0 0 0.10E+01  0
44Mg1B2O4                     412 8 5 0 0 0 0 0 1 4 2 0 0 0 0 0 0.10E+01  0
45Zn1B4O7                     430 8 5 0 0 0 0 0 1 7 4 0 0 0 0 0 0.10E+01  0
46K5F5B20O30                  219 9 8 5 0 0 0 0 5 53020 0 0 0 0 0.10E+01  0
47Na5F5B20O30                 311 9 8 5 0 0 0 0 5 53020 0 0 0 0 0.10E+01  0
 1SiO2
G1  1.000  1.000001  60.08   USERBASE
  0.00000000E+05  0.00000000E+00  0.00000000E+00  0.00000000E+00  0.00000000E+00  0.00000000E+00  0.00000000E+00
  0.00000000E+00  0.00000000E+00    3.0000    4.0000    0.0000    0.0000
 -0.21433936E+03  0.12148447E+02  0.19960236E+02  0.00000000E+00 -0.58684511E+01  0.00000000E+00  0.19959900E+04    2.3
-0.89553772E+02 -0.5 0.66938864E+08 -3.0 0.00000000E+00  0.0 0.00000000E+00 0.00000000E+00 0.00000000E+00 0.00000000E+00
 -0.22147121E+03  0.23702507E+01  0.20500000E+02  0.00000000E+00  0.00000000E+00  0.00000000E+00  0.99990000E+04    2.3
 0.00000000E+00  0.0 0.00000000E+00  0.0 0.00000000E+00  0.0 0.00000000E+00 0.00000000E+00 0.00000000E+00 0.00000000E+00
 2Al2O3
G1  2.000  1.000001 101.96   USERBASE
  0.00000000E+05  0.00000000E+00  0.00000000E+00  0.00000000E+00  0.00000000E+00  0.00000000E+00  0.00000000E+00
  0.00000000E+00  0.00000000E+00    3.0000    4.0000    0.0000    0.0000
 -0.38153756E+03  0.10413248E+02  0.42869381E+02 -0.21970000E+01  0.23311209E+01  0.00000000E+00  0.23270100E+04    4.0
-0.19798924E+03 -0.5 0.97773338E+08 -3.0 0.00000000E+00  0.0 0.00000000E+00 0.00000000E+00 0.00000000E+00 0.00000000E+00
 -0.40478152E+03 -0.12683992E+02  0.46000000E+02  0.00000000E+00  0.00000000E+00  0.00000000E+00  0.30000000E+04    4.0
 0.00000000E+00  0.0 0.00000000E+00  0.0 0.00000000E+00  0.0 0.00000000E+00 0.00000000E+00 0.00000000E+00 0.00000000E+00
 3CaO
G1  1.000  1.000001  56.08   USERBASE
  0.00000000E+05  0.00000000E+00  0.00000000E+00  0.00000000E+00  0.00000000E+00  0.00000000E+00  0.00000000E+00
  0.00000000E+00  0.00000000E+00    3.0000    4.0000    0.0000    0.0000
 -0.13279015E+03  0.15700468E+02  0.14051427E+02  0.00000000E+00 -0.27417450E+01  0.00000000E+00  0.28451599E+04    3.3
-0.32003830E+02 -0.5 0.24612528E+08 -3.0 0.00000000E+00  0.0 0.00000000E+00 0.00000000E+00 0.00000000E+00 0.00000000E+00
 -0.13820143E+03  0.98377352E+01  0.15000000E+02  0.00000000E+00  0.00000000E+00  0.00000000E+00  0.99990000E+04    3.3 
 0.00000000E+00  0.0 0.00000000E+00  0.0 0.00000000E+00  0.0 0.00000000E+00 0.00000000E+00 0.00000000E+00 0.00000000E+00
 4MgO
G1  1.000  1.000001  40.30   USERBASE
  0.00000000E+05  0.00000000E+00  0.00000000E+00  0.00000000E+00  0.00000000E+00  0.00000000E+00  0.00000000E+00
  0.00000000E+00  0.00000000E+00    3.0000    4.0000    0.0000    0.0000
 -0.13034058E+03  0.64541206E+01  0.17398560E+02 -0.75099999E+00  0.12494059E+01  0.00000000E+00  0.30979099E+04    3.6
 0.13968960E+07 -3.0-0.70793259E+02 -0.5 0.00000000E+00  0.0 0.00000000E+00 0.00000000E+00 0.00000000E+00 0.00000000E+00
 -0.13504453E+03  0.26831656E+01  0.16000000E+02  0.00000000E+00  0.00000000E+00  0.00000000E+00  0.99990000E+04    3.6
 0.00000000E+00  0.0 0.00000000E+00  0.0 0.00000000E+00  0.0 0.00000000E+00 0.00000000E+00 0.00000000E+00 0.00000000E+00
 5MnO
G1  1.000  1.000001  70.94   USERBASE
  0.00000000E+05  0.00000000E+00  0.00000000E+00  0.00000000E+00  0.00000000E+00  0.00000000E+00  0.00000000E+00
  0.00000000E+00  0.00000000E+00    3.0000    4.0000    0.0000    0.0000
 -0.79000000E+02  0.20446136E+02  0.11110000E+02  0.19399996E+01 -0.88000000E+00  0.00000000E+00  0.21151499E+04    5.4
 0.00000000E+00  0.0 0.00000000E+00  0.0 0.00000000E+00  0.0 0.00000000E+00 0.00000000E+00 0.00000000E+00 0.00000000E+00
 -0.81159760E+02  0.16844009E+02  0.14500000E+02  0.00000000E+00  0.00000000E+00  0.00000000E+00  0.99990000E+04    5.4
 0.00000000E+00  0.0 0.00000000E+00  0.0 0.00000000E+00  0.0 0.00000000E+00 0.00000000E+00 0.00000000E+00 0.00000000E+00
 6ZnO
G1  1.000  1.000001  81.38   USERBASE
  0.00000000E+05  0.00000000E+00  0.00000000E+00  0.00000000E+00  0.00000000E+00  0.00000000E+00  0.00000000E+00
  0.00000000E+00  0.00000000E+00    3.0000    4.0000    0.0000    0.0000
 -0.70761950E+02  0.16212954E+02  0.11530000E+02  0.16240000E+01  0.00000000E+00  0.00000000E+00  0.22480000E+04    5.6
-0.24801232E+08 -3.0-0.21880356E+02 -0.5 0.00000000E+00  0.0 0.00000000E+00 0.00000000E+00 0.00000000E+00 0.00000000E+00
 7FeO
G1  1.000  1.000001  71.84   USERBASE
  0.01210000E+04  0.00000000E+00  0.00000000E+00  0.00000000E+00  0.00000000E+00  0.00000000E+00  0.00000000E+00
  0.00000000E+00  0.00000000E+00    3.0000    4.0000    0.0000    0.0000
 -0.56081055E+02  0.18753708E+02 -0.43079529E+01  0.73155022E+01 -0.60547323E+01  0.00000000E+00  0.16441499E+04    5.7
 0.35872363E+03 -0.5 0.00000000E+00  0.0 0.00000000E+00  0.0 0.00000000E+00 0.00000000E+00 0.00000000E+00 0.00000000E+00
 -0.59216324E+02  0.13977534E+02  0.16300003E+02  0.00000000E+00  0.00000000E+00  0.00000000E+00  0.99990000E+04    5.7
 0.00000000E+00  0.0 0.00000000E+00  0.0 0.00000000E+00  0.0 0.00000000E+00 0.00000000E+00 0.00000000E+00 0.00000000E+00
 8NiO
G1  1.000  1.000001  74.69   USERBASE
  0.00000000E+05  0.00000000E+00  0.00000000E+00  0.00000000E+00  0.00000000E+00  0.00000000E+00  0.00000000E+00
  0.00000000E+00  0.00000000E+00    3.0000    4.0000    0.0000    0.0000
 -0.43070055E+02  0.15509507E+02  0.13000000E+02  0.00000000E+00  0.00000000E+00  0.00000000E+00  0.25000000E+04    6.7
 0.00000000E+00  0.0 0.00000000E+00  0.0 0.00000000E+00  0.0 0.00000000E+00 0.00000000E+00 0.00000000E+00 0.00000000E+00
 9PbO
G1  1.000  1.000001 223.20   USERBASE
  0.00000000E+05  0.00000000E+00  0.00000000E+00  0.00000000E+00  0.00000000E+00  0.00000000E+00  0.00000000E+00
  0.00000000E+00  0.00000000E+00    3.0000    4.0000    0.0000    0.0000
 -0.46018069E+02  0.21682613E+02  0.11386000E+02  0.29290000E+01  0.00000000E+00  0.00000000E+00  0.11590000E+04    8.0
-0.10885759E+08 -3.0-0.15715407E+02 -0.5 0.00000000E+00  0.0 0.00000000E+00 0.00000000E+00 0.00000000E+00 0.00000000E+00
 -0.48337179E+02  0.17539258E+02  0.15535000E+02  0.00000000E+00  0.00000000E+00  0.00000000E+00  0.20000000E+04    8.0
 0.00000000E+00  0.0 0.00000000E+00  0.0 0.00000000E+00  0.0 0.00000000E+00 0.00000000E+00 0.00000000E+00 0.00000000E+00
10Na2O
G1  2.000  1.000001  61.98   USERBASE
  0.00000000E+05  0.00000000E+00  0.00000000E+00  0.00000000E+00  0.00000000E+00  0.00000000E+00  0.00000000E+00
  0.00000000E+00  0.00000000E+00    3.0000    4.0000    0.0000    0.0000
 -0.85230103E+02  0.28757278E+02  0.15826004E+02  0.10484011E+02 -0.19440012E+01 -0.33669930E+01  0.14050000E+04    2.3
 0.00000000E+00  0.0 0.00000000E+00  0.0 0.00000000E+00  0.0 0.00000000E+00 0.00000000E+00 0.00000000E+00 0.00000000E+00
 -0.89099167E+02  0.21922195E+02  0.25000000E+02  0.00000000E+00  0.00000000E+00  0.00000000E+00  0.99990000E+04    2.3
 0.00000000E+00  0.0 0.00000000E+00  0.0 0.00000000E+00  0.0 0.00000000E+00 0.00000000E+00 0.00000000E+00 0.00000000E+00
11K2O
G1  2.000  1.000001  94.20   USERBASE
  0.00000000E+05  0.00000000E+00  0.00000000E+00  0.00000000E+00  0.00000000E+00  0.00000000E+00  0.00000000E+00
  0.00000000E+00  0.00000000E+00    3.0000    4.0000    0.0000    0.0000
 -0.79899139E+02  0.30797546E+02  0.18151764E+02  0.40979919E+01 -0.14140539E+01  0.00000000E+00  0.10130000E+04    2.3
 0.00000000E+00  0.0 0.00000000E+00  0.0 0.00000000E+00  0.0 0.00000000E+00 0.00000000E+00 0.00000000E+00 0.00000000E+00
 -0.83618866E+02  0.23923065E+02  0.25573608E+02  0.00000000E+00  0.00000000E+00  0.00000000E+00  0.99990000E+04    2.3
 0.00000000E+00  0.0 0.00000000E+00  0.0 0.00000000E+00  0.0 0.00000000E+00 0.00000000E+00 0.00000000E+00 0.00000000E+00
12TiO2
G1  1.000  1.000001  79.87   USERBASE
  0.00000000E+05  0.00000000E+00  0.00000000E+00  0.00000000E+00  0.00000000E+00  0.00000000E+00  0.00000000E+00
  0.00000000E+00  0.00000000E+00    3.0000    4.0000    0.0000    0.0000
 -0.21480067E+03  0.17224548E+02  0.18603638E+02  0.00000000E+00 -0.80493336E+01  0.00000000E+00  0.21300000E+04    4.3
 0.96305136E+08 -3.0 0.00000000E+00  0.0 0.00000000E+00  0.0 0.00000000E+00 0.00000000E+00 0.00000000E+00 0.00000000E+00
 -0.22647678E+03  0.33828783E+01  0.24000000E+02  0.00000000E+00  0.00000000E+00  0.00000000E+00  0.99990000E+04    4.3
 0.00000000E+00  0.0 0.00000000E+00  0.0 0.00000000E+00  0.0 0.00000000E+00 0.00000000E+00 0.00000000E+00 0.00000000E+00
13Ti2O3
G1  2.000  1.000001 143.73   USERBASE
  0.00000000E+05  0.00000000E+00  0.00000000E+00  0.00000000E+00  0.00000000E+00  0.00000000E+00  0.00000000E+00
  0.00000000E+00  0.00000000E+00    3.0000    4.0000    0.0000    0.0000
 -0.33804370E+03  0.31112442E+02  0.40621674E+02  0.00000000E+00  0.38471537E+01  0.00000000E+00  0.21150000E+04    4.6
-0.17930656E+03 -0.5-0.37416858E+09 -3.0 0.00000000E+00  0.0 0.00000000E+00 0.00000000E+00 0.00000000E+00 0.00000000E+00
 -0.34362671E+03  0.21685806E+02  0.37500000E+02  0.00000000E+00  0.00000000E+00  0.00000000E+00  0.99990000E+04    4.6
 0.00000000E+00  0.0 0.00000000E+00  0.0 0.00000000E+00  0.0 0.00000000E+00 0.00000000E+00 0.00000000E+00 0.00000000E+00
14B2O3
G1  2.000  1.000001  69.62   USERBASE
  0.00000000E+05  0.00000000E+00  0.00000000E+00  0.00000000E+00  0.00000000E+00  0.00000000E+00  0.00000000E+00
  0.00000000E+00  0.00000000E+00    3.0000    4.0000    0.0000    0.0000
 -0.29823828E+03  0.20851634E+02  0.46948000E+02  0.00000000E+00  0.00000000E+00  0.00000000E+00  0.72300000E+03    0.0
 0.42803248E+08 -3.0-0.58006104E+03 -0.5 0.00000000E+00  0.0 0.00000000E+00 0.00000000E+00 0.00000000E+00 0.00000000E+00
 -0.30242524E+03  0.11437397E+02  0.31000000E+02  0.00000000E+00  0.00000000E+00  0.00000000E+00  0.20000000E+04    0.0
 0.00000000E+00  0.0 0.00000000E+00  0.0 0.00000000E+00  0.0 0.00000000E+00 0.00000000E+00 0.00000000E+00 0.00000000E+00
15Fe2O3
G1  2.000  1.000001 159.69   USERBASE
  0.00000000E+05  0.00000000E+00  0.00000000E+00  0.00000000E+00  0.00000000E+00  0.00000000E+00  0.00000000E+00
  0.00000000E+00  0.00000000E+00    3.0000    4.0000    0.0000    0.0000
 -0.17823205E+03  0.32165084E+02  0.35099869E+02  0.00000000E+00 -0.13329105E+02  0.00000000E+00  0.60000000E+04    0.0
 0.12562790E+09 -3.0 0.00000000E+00  0.0 0.00000000E+00  0.0 0.00000000E+00 0.00000000E+00 0.00000000E+00 0.00000000E+00
16CaF2
G1  1.000  1.000001  78.07   USERBASE
  0.00000000E+05  0.00000000E+00  0.00000000E+00  0.00000000E+00  0.00000000E+00  0.00000000E+00  0.00000000E+00
  0.00000000E+00  0.00000000E+00    3.0000    4.0000    0.0000    0.0000
 -0.28347703E+03  0.22123680E+02  0.38537176E+02  0.50622699E+01 -0.18363088E+02  0.00000000E+00  0.10000000E+04    3.2
-0.13465140E+04 -0.5 0.22357332E+05 -1.0 0.00000000E+00  0.0 0.00000000E+00 0.00000000E+00 0.00000000E+00 0.00000000E+00
 -0.28681101E+03  0.15830434E+02  0.23880019E+02  0.00000000E+00  0.00000000E+00  0.00000000E+00  0.40000000E+04    3.2
 0.00000000E+00  0.0 0.00000000E+00  0.0 0.00000000E+00  0.0 0.00000000E+00 0.00000000E+00 0.00000000E+00 0.00000000E+00
17NaF
G1  1.000  1.000001  41.99   USERBASE
  0.00000000E+05  0.00000000E+00  0.00000000E+00  0.00000000E+00  0.00000000E+00  0.00000000E+00  0.00000000E+00
  0.00000000E+00  0.00000000E+00    3.0000    4.0000    0.0000    0.0000
 -0.13307465E+03  0.12226962E+02  0.16866000E+02  0.00000000E+00  0.00000000E+00  0.00000000E+00  0.25000000E+04    2.6
 0.00000000E+00  0.0 0.00000000E+00  0.0 0.00000000E+00  0.0 0.00000000E+00 0.00000000E+00 0.00000000E+00 0.00000000E+00
18KF
G1  1.000  1.000001  58.10   USERBASE
  0.00000000E+05  0.00000000E+00  0.00000000E+00  0.00000000E+00  0.00000000E+00  0.00000000E+00  0.00000000E+00
  0.00000000E+00  0.00000000E+00    3.0000    4.0000    0.0000    0.0000
 -0.13097004E+03  0.18085634E+02  0.16000000E+02  0.00000000E+00  0.00000000E+00  0.00000000E+00  0.20000000E+04    2.5
 0.00000000E+00  0.0 0.00000000E+00  0.0 0.00000000E+00  0.0 0.00000000E+00 0.00000000E+00 0.00000000E+00 0.00000000E+00
19MgF2
G1  1.000  1.000001  62.30   USERBASE
  0.00000000E+05  0.00000000E+00  0.00000000E+00  0.00000000E+00  0.00000000E+00  0.00000000E+00  0.00000000E+00
  0.00000000E+00  0.00000000E+00    3.0000    4.0000    0.0000    0.0000
 -0.25629897E+03  0.21503876E+02  0.21731810E+02  0.00000000E+00 -0.46031188E+01  0.00000000E+00  0.10000000E+04    0.0
-0.66067739E+02 -0.5 0.52476286E+08 -3.0 0.00000000E+00  0.0 0.00000000E+00 0.00000000E+00 0.00000000E+00 0.00000000E+00
 -0.25968086E+03  0.15157608E+02  0.22686902E+02  0.00000000E+00  0.00000000E+00  0.00000000E+00  0.30000000E+04    0.0
 0.00000000E+00  0.0 0.00000000E+00  0.0 0.00000000E+00  0.0 0.00000000E+00 0.00000000E+00 0.00000000E+00 0.00000000E+00
20AlF3
G1  1.000  1.000001  83.98   USERBASE
  0.00000000E+05  0.00000000E+00  0.00000000E+00  0.00000000E+00  0.00000000E+00  0.00000000E+00  0.00000000E+00
  0.00000000E+00  0.00000000E+00    3.0000    4.0000    0.0000    0.0000
 -0.33975701E+03  0.22681759E+02  0.23284045E+02  0.34968343E+00 -0.82473676E-01  0.00000000E+00  0.80000000E+03    2.9
 0.00000000E+00  0.0 0.00000000E+00  0.0 0.00000000E+00  0.0 0.00000000E+00 0.00000000E+00 0.00000000E+00 0.00000000E+00
 -0.33864492E+03  0.25555653E+02  0.46204717E+02  0.00000000E+00 -0.38700270E+02  0.00000000E+00  0.18500000E+04    2.9
 0.28641009E+05 -1.0-0.14823265E+04 -0.5 0.00000000E+00  0.0 0.00000000E+00 0.00000000E+00 0.00000000E+00 0.00000000E+00
 -0.34842998E+03  0.11745468E+02  0.30000000E+02  0.00000000E+00  0.00000000E+00  0.00000000E+00  0.40000000E+04    2.9
 0.00000000E+00  0.0 0.00000000E+00  0.0 0.00000000E+00  0.0 0.00000000E+00 0.00000000E+00 0.00000000E+00 0.00000000E+00
21FeF2
G1  1.000  1.000001  93.84   USERBASE
  0.00000000E+05  0.00000000E+00  0.00000000E+00  0.00000000E+00  0.00000000E+00  0.00000000E+00  0.00000000E+00
  0.00000000E+00  0.00000000E+00    3.0000    4.0000    0.0000    0.0000
 -0.16122020E+03  0.22117845E+02  0.23500000E+02  0.00000000E+00  0.00000000E+00  0.00000000E+00  0.30000000E+04    4.1
 0.00000000E+00  0.0 0.00000000E+00  0.0 0.00000000E+00  0.0 0.00000000E+00 0.00000000E+00 0.00000000E+00 0.00000000E+00
22MnF2
G1  1.000  1.000001  92.93   USERBASE
  0.00000000E+05  0.00000000E+00  0.00000000E+00  0.00000000E+00  0.00000000E+00  0.00000000E+00  0.00000000E+00
  0.00000000E+00  0.00000000E+00    3.0000    4.0000    0.0000    0.0000
 -0.18927134E+03  0.21473641E+02  0.22000000E+02  0.00000000E+00  0.00000000E+00  0.00000000E+00  0.20930000E+04    4.0
 0.00000000E+00  0.0 0.00000000E+00  0.0 0.00000000E+00  0.0 0.00000000E+00 0.00000000E+00 0.00000000E+00 0.00000000E+00
23PbF2
G1  1.000  1.000001 245.20   USERBASE
  0.00000000E+05  0.00000000E+00  0.00000000E+00  0.00000000E+00  0.00000000E+00  0.00000000E+00  0.00000000E+00
  0.00000000E+00  0.00000000E+00    3.0000    4.0000    0.0000    0.0000
 -0.15781600E+03  0.31307287E+02  0.15237637E+02  0.73740778E+01  0.28598619E+00  0.00000000E+00  0.70000000E+03    8.2
 0.00000000E+00  0.0 0.00000000E+00  0.0 0.00000000E+00  0.0 0.00000000E+00 0.00000000E+00 0.00000000E+00 0.00000000E+00
 -0.16064704E+03  0.25131470E+02  0.26099904E+02  0.00000000E+00  0.00000000E+00  0.00000000E+00  0.20000000E+04    8.2
 0.00000000E+00  0.0 0.00000000E+00  0.0 0.00000000E+00  0.0 0.00000000E+00 0.00000000E+00 0.00000000E+00 0.00000000E+00
 -0.13982053E+03  0.48423310E+02  0.13862333E+02  0.00000000E+00  0.00000000E+00  0.00000000E+00  0.20010000E+04    8.2
 0.00000000E+00  0.0 0.00000000E+00  0.0 0.00000000E+00  0.0 0.00000000E+00 0.00000000E+00 0.00000000E+00 0.00000000E+00
24ZnF2
G1  1.000  1.000001 103.38   USERBASE
  0.00000000E+05  0.00000000E+00  0.00000000E+00  0.00000000E+00  0.00000000E+00  0.00000000E+00  0.00000000E+00
  0.00000000E+00  0.00000000E+00    3.0000    4.0000    0.0000    0.0000
 -0.17749898E+03  0.18368495E+02  0.22500000E+02  0.00000000E+00  0.00000000E+00  0.00000000E+00  0.17780000E+04    5.0
 0.00000000E+00  0.0 0.00000000E+00  0.0 0.00000000E+00  0.0 0.00000000E+00 0.00000000E+00 0.00000000E+00 0.00000000E+00
25NiF2
G1  1.000  1.000001  96.69   USERBASE
  0.00000000E+05  0.00000000E+00  0.00000000E+00  0.00000000E+00  0.00000000E+00  0.00000000E+00  0.00000000E+00
  0.00000000E+00  0.00000000E+00    3.0000    4.0000    0.0000    0.0000
 -0.14086157E+03  0.26952294E+02  0.15000000E+02  0.43000000E+01  0.00000000E+00  0.00000000E+00  0.17470000E+04    4.6
 0.00000000E+00  0.0 0.00000000E+00  0.0 0.00000000E+00  0.0 0.00000000E+00 0.00000000E+00 0.00000000E+00 0.00000000E+00
26FeF3
G1  1.000  1.000001 112.84   USERBASE
  0.00000000E+05  0.00000000E+00  0.00000000E+00  0.00000000E+00  0.00000000E+00  0.00000000E+00  0.00000000E+00
  0.00000000E+00  0.00000000E+00    3.0000    4.0000    0.0000    0.0000
 -0.23538145E+03  0.31865200E+02 -0.73523752E+02  0.22105390E+03  0.26148555E+02  0.00000000E+00  0.36700000E+03    3.5
 0.00000000E+00  0.0 0.00000000E+00  0.0 0.00000000E+00  0.0 0.00000000E+00 0.00000000E+00 0.00000000E+00 0.00000000E+00
 -0.23746680E+03  0.25294031E+02 -0.89196811E+03  0.15528044E+04  0.47020729E+03  0.00000000E+00  0.40000000E+03    3.5
 0.00000000E+00  0.0 0.00000000E+00  0.0 0.00000000E+00  0.0 0.00000000E+00 0.00000000E+00 0.00000000E+00 0.00000000E+00
 -0.23539116E+03  0.31801950E+02  0.38695484E+01  0.83213603E+01 -0.29553792E+02 -0.83154238E+00  0.20000000E+04    3.5
 0.48323384E+03 -0.5 0.65776665E+09 -3.0 0.00000000E+00  0.0 0.00000000E+00 0.00000000E+00 0.00000000E+00 0.00000000E+00
27CaAl2O4
G1  1.000  1.000001  158.04  USERBASE
  5.73044215E+03  0.00000000E+00  0.00000000E+00  0.00000000E+00  0.00000000E+00  0.00000000E+00  0.00000000E+00
  0.00000000E+00  0.00000000E+00    3.0000    4.0000    0.0000    0.0000
 -0.51432771E+03  0.26113716E+02  0.56920808E+02 -0.21970000E+01 -0.41062380E+00  0.00000000E+00  0.23270100E+04    3.7
-0.22999306E+03 -0.5 0.12238586E+09 -3.0 0.00000000E+00  0.0 0.00000000E+00 0.00000000E+00 0.00000000E+00 0.00000000E+00
 -0.53757167E+03  0.30164759E+01  0.60051427E+02  0.00000000E+00 -0.27417447E+01  0.00000000E+00  0.28451600E+04    3.7
-0.32003824E+02 -0.5 0.24612521E+08 -3.0 0.00000000E+00  0.0 0.00000000E+00 0.00000000E+00 0.00000000E+00 0.00000000E+00
 -0.54298295E+03 -0.28462566E+01  0.61000000E+02  0.00000000E+00  0.00000000E+00  0.00000000E+00  0.35000000E+04    3.7
 0.00000000E+00  0.0 0.00000000E+00  0.0 0.00000000E+00  0.0 0.00000000E+00 0.00000000E+00 0.00000000E+00 0.00000000E+00
28MgAl2O4
G1  1.000  1.000001  142.27  USERBASE
  2.67181987E+03  0.00000000E+00  0.00000000E+00  0.00000000E+00  0.00000000E+00  0.00000000E+00  0.00000000E+00
  0.00000000E+00  0.00000000E+00    3.0000    4.0000    0.0000    0.0000
 -0.51187815E+03  0.16867369E+02  0.60267938E+02 -0.29480000E+01  0.35805272E+01  0.00000000E+00  0.23270100E+04    3.9
-0.26878250E+03 -0.5 0.99170234E+08 -3.0 0.00000000E+00  0.0 0.00000000E+00 0.00000000E+00 0.00000000E+00 0.00000000E+00
 -0.53512210E+03 -0.62298714E+01  0.63398557E+02 -0.75100000E+00  0.12494063E+01  0.00000000E+00  0.30000000E+04    3.9
-0.70793260E+02 -0.5 0.13968958E+07 -3.0 0.00000000E+00  0.0 0.00000000E+00 0.00000000E+00 0.00000000E+00 0.00000000E+00
 -0.53512210E+03 -0.62298714E+01  0.63398557E+02 -0.75100000E+00  0.12494063E+01  0.00000000E+00  0.30979100E+04    3.9
-0.70793260E+02 -0.5 0.13968958E+07 -3.0 0.00000000E+00  0.0 0.00000000E+00 0.00000000E+00 0.00000000E+00 0.00000000E+00
 -0.53982605E+03 -0.10000826E+02  0.62000000E+02  0.00000000E+00  0.00000000E+00  0.00000000E+00  0.35000000E+04    3.9
 0.00000000E+00  0.0 0.00000000E+00  0.0 0.00000000E+00  0.0 0.00000000E+00 0.00000000E+00 0.00000000E+00 0.00000000E+00
29Al2MnO4
G1  1.000  1.000001  172.90  USERBASE
  3.46890000E+03  0.00000000E+00  0.00000000E+00  0.00000000E+00  0.00000000E+00  0.00000000E+00  0.00000000E+00
  0.00000000E+00  0.00000000E+00    3.0000    4.0000    0.0000    0.0000
 -0.46053756E+03  0.30859385E+02  0.53979381E+02 -0.25700000E+00  0.14511209E+01  0.00000000E+00  0.21151500E+04    4.5
-0.19798924E+03 -0.5 0.97773338E+08 -3.0 0.00000000E+00  0.0 0.00000000E+00 0.00000000E+00 0.00000000E+00 0.00000000E+00
 -0.46269732E+03  0.27257251E+02  0.57369381E+02 -0.21970000E+01  0.23311209E+01  0.00000000E+00  0.23270100E+04    4.5
-0.19798924E+03 -0.5 0.97773338E+08 -3.0 0.00000000E+00  0.0 0.00000000E+00 0.00000000E+00 0.00000000E+00 0.00000000E+00
 -0.48594128E+03  0.41600113E+01  0.60500000E+02  0.00000000E+00  0.00000000E+00  0.00000000E+00  0.25000000E+04    4.5
 0.00000000E+00  0.0 0.00000000E+00  0.0 0.00000000E+00  0.0 0.00000000E+00 0.00000000E+00 0.00000000E+00 0.00000000E+00
 -0.48594128E+03  0.41600113E+01  0.60500000E+02  0.00000000E+00  0.00000000E+00  0.00000000E+00  0.30000000E+04    4.5
 0.00000000E+00  0.0 0.00000000E+00  0.0 0.00000000E+00  0.0 0.00000000E+00 0.00000000E+00 0.00000000E+00 0.00000000E+00
30Al2ZnO4
G1  1.000  1.000001  183.34  USERBASE
  3.56833105E+03  0.00000000E+00  0.00000000E+00  0.00000000E+00  0.00000000E+00  0.00000000E+00  0.00000000E+00
  0.00000000E+00  0.00000000E+00    3.0000    4.0000    0.0000    0.0000
 -0.45229951E+03  0.26626202E+02  0.54399381E+02 -0.57300000E+00  0.23311209E+01  0.00000000E+00  0.22480000E+04    4.6
-0.21986960E+03 -0.5 0.72972106E+08 -3.0 0.00000000E+00  0.0 0.00000000E+00 0.00000000E+00 0.00000000E+00 0.00000000E+00
 -0.45551556E+03  0.21870185E+02  0.57369381E+02 -0.21970000E+01  0.23311209E+01  0.00000000E+00  0.23270100E+04    4.6
-0.19798924E+03 -0.5 0.97773338E+08 -3.0 0.00000000E+00  0.0 0.00000000E+00 0.00000000E+00 0.00000000E+00 0.00000000E+00
 -0.47875952E+03 -0.12270547E+01  0.60500000E+02  0.00000000E+00  0.00000000E+00  0.00000000E+00  0.25000000E+04    4.6
 0.00000000E+00  0.0 0.00000000E+00  0.0 0.00000000E+00  0.0 0.00000000E+00 0.00000000E+00 0.00000000E+00 0.00000000E+00
 -0.47875952E+03 -0.12270547E+01  0.60500000E+02  0.00000000E+00  0.00000000E+00  0.00000000E+00  0.30000000E+04    4.6
 0.00000000E+00  0.0 0.00000000E+00  0.0 0.00000000E+00  0.0 0.00000000E+00 0.00000000E+00 0.00000000E+00 0.00000000E+00
31Al2FeO4
G1  1.000  1.000001  173.81  USERBASE
  0.00000000E+00  0.00000000E+00  0.00000000E+00  0.00000000E+00  0.00000000E+00  0.00000000E+00  0.00000000E+00
  0.00000000E+00  0.00000000E+00    3.0000    4.0000    0.0000    0.0000
 -0.43749762E+03  0.29166956E+02  0.38561428E+02  0.51185022E+01 -0.37236114E+01  0.00000000E+00  0.16441500E+04    4.6
 0.16073439E+03 -0.5 0.97773338E+08 -3.0 0.00000000E+00  0.0 0.00000000E+00 0.00000000E+00 0.00000000E+00 0.00000000E+00
 -0.44063288E+03  0.24390768E+02  0.59169384E+02 -0.21970000E+01  0.23311209E+01  0.00000000E+00  0.20000000E+04    4.6
-0.19798924E+03 -0.5 0.97773338E+08 -3.0 0.00000000E+00  0.0 0.00000000E+00 0.00000000E+00 0.00000000E+00 0.00000000E+00
 -0.44063288E+03  0.24390768E+02  0.59169384E+02 -0.21970000E+01  0.23311209E+01  0.00000000E+00  0.23270100E+04    4.6
-0.19798924E+03 -0.5 0.97773338E+08 -3.0 0.00000000E+00  0.0 0.00000000E+00 0.00000000E+00 0.00000000E+00 0.00000000E+00
 -0.46387684E+03  0.12935277E+01  0.62300003E+02  0.00000000E+00  0.00000000E+00  0.00000000E+00  0.30000000E+04    4.6
 0.00000000E+00  0.0 0.00000000E+00  0.0 0.00000000E+00  0.0 0.00000000E+00 0.00000000E+00 0.00000000E+00 0.00000000E+00
32Al2NiO4
G1  1.000  1.000001  176.65  USERBASE
  0.00000000E+00  0.00000000E+00  0.00000000E+00  0.00000000E+00  0.00000000E+00  0.00000000E+00  0.00000000E+00
  0.00000000E+00  0.00000000E+00    3.0000    4.0000    0.0000    0.0000
 -0.42460762E+03  0.25922755E+02  0.55869381E+02 -0.21970000E+01  0.23311209E+01  0.00000000E+00  0.23270100E+04    4.8
-0.19798924E+03 -0.5 0.97773338E+08 -3.0 0.00000000E+00  0.0 0.00000000E+00 0.00000000E+00 0.00000000E+00 0.00000000E+00
 -0.44785157E+03  0.28255144E+01  0.59000000E+02  0.00000000E+00  0.00000000E+00  0.00000000E+00  0.25000000E+04    4.8
 0.00000000E+00  0.0 0.00000000E+00  0.0 0.00000000E+00  0.0 0.00000000E+00 0.00000000E+00 0.00000000E+00 0.00000000E+00
 -0.44785157E+03  0.28255144E+01  0.59000000E+02  0.00000000E+00  0.00000000E+00  0.00000000E+00  0.30000000E+04    4.8
 0.00000000E+00  0.0 0.00000000E+00  0.0 0.00000000E+00  0.0 0.00000000E+00 0.00000000E+00 0.00000000E+00 0.00000000E+00
33Al2PbO4
G1  1.000  1.000001  325.16  USERBASE
 -3.40000000E+03  0.00000000E+00  0.00000000E+00  0.00000000E+00  0.00000000E+00  0.00000000E+00  0.00000000E+00
  0.00000000E+00  0.00000000E+00    3.0000    4.0000    0.0000    0.0000
 -0.42755563E+03  0.32095861E+02  0.54255381E+02  0.73200000E+00  0.23311209E+01  0.00000000E+00  0.11590000E+04    6.1
 0.86887579E+08 -3.0-0.21370465E+03 -0.5 0.00000000E+00  0.0 0.00000000E+00 0.00000000E+00 0.00000000E+00 0.00000000E+00
 -0.42987474E+03  0.27952506E+02  0.58404381E+02 -0.21970000E+01  0.23311209E+01  0.00000000E+00  0.20000000E+04    6.1
-0.19798924E+03 -0.5 0.97773338E+08 -3.0 0.00000000E+00  0.0 0.00000000E+00 0.00000000E+00 0.00000000E+00 0.00000000E+00
 -0.42987474E+03  0.27952506E+02  0.58404381E+02 -0.21970000E+01  0.23311209E+01  0.00000000E+00  0.23270100E+04    6.1
-0.19798924E+03 -0.5 0.97773338E+08 -3.0 0.00000000E+00  0.0 0.00000000E+00 0.00000000E+00 0.00000000E+00 0.00000000E+00
 -0.45311870E+03  0.48552660E+01  0.61535000E+02  0.00000000E+00  0.00000000E+00  0.00000000E+00  0.30000000E+04    6.1
 0.00000000E+00  0.0 0.00000000E+00  0.0 0.00000000E+00  0.0 0.00000000E+00 0.00000000E+00 0.00000000E+00 0.00000000E+00
34NaAlO2
G1  1.000  1.000001   81.97  USERBASE
 -5.12326878E+03  0.00000000E+00  0.00000000E+00  0.00000000E+00  0.00000000E+00  0.00000000E+00  0.00000000E+00
  0.00000000E+00  0.00000000E+00    3.0000    4.0000    0.0000    0.0000
 -0.23338383E+03  0.19585266E+02  0.29347693E+02  0.41435055E+01  0.19355995E+00 -0.16834967E+01  0.14050000E+04    3.1
-0.98994620E+02 -0.5 0.48886669E+08 -3.0 0.00000000E+00  0.0 0.00000000E+00 0.00000000E+00 0.00000000E+00 0.00000000E+00
 -0.23531836E+03  0.16167725E+02  0.33934691E+02 -0.10985000E+01  0.11655605E+01  0.00000000E+00  0.15000000E+04    3.1
-0.98994620E+02 -0.5 0.48886669E+08 -3.0 0.00000000E+00  0.0 0.00000000E+00 0.00000000E+00 0.00000000E+00 0.00000000E+00
 -0.23531836E+03  0.16167725E+02  0.33934691E+02 -0.10985000E+01  0.11655605E+01  0.00000000E+00  0.23270100E+04    3.1
-0.98994620E+02 -0.5 0.48886669E+08 -3.0 0.00000000E+00  0.0 0.00000000E+00 0.00000000E+00 0.00000000E+00 0.00000000E+00
 -0.24694034E+03  0.46191049E+01  0.35500000E+02  0.00000000E+00  0.00000000E+00  0.00000000E+00  0.30000000E+04    3.1
 0.00000000E+00  0.0 0.00000000E+00  0.0 0.00000000E+00  0.0 0.00000000E+00 0.00000000E+00 0.00000000E+00 0.00000000E+00
35AlKO2
G1  1.000  1.000001   98.08  USERBASE
 -2.47828950E+04  0.00000000E+00  0.00000000E+00  0.00000000E+00  0.00000000E+00  0.00000000E+00  0.00000000E+00
  0.00000000E+00  0.00000000E+00    3.0000    4.0000    0.0000    0.0000
 -0.23071835E+03  0.20605398E+02  0.30510575E+02  0.95049620E+00  0.45853370E+00  0.00000000E+00  0.10130000E+04    3.0
-0.98994620E+02 -0.5 0.48886669E+08 -3.0 0.00000000E+00  0.0 0.00000000E+00 0.00000000E+00 0.00000000E+00 0.00000000E+00
 -0.23257821E+03  0.17168155E+02  0.34221497E+02 -0.10985000E+01  0.11655605E+01  0.00000000E+00  0.13000000E+04    3.0
-0.98994620E+02 -0.5 0.48886669E+08 -3.0 0.00000000E+00  0.0 0.00000000E+00 0.00000000E+00 0.00000000E+00 0.00000000E+00
 -0.23257821E+03  0.17168155E+02  0.34221497E+02 -0.10985000E+01  0.11655605E+01  0.00000000E+00  0.23270100E+04    3.0
-0.98994620E+02 -0.5 0.48886669E+08 -3.0 0.00000000E+00  0.0 0.00000000E+00 0.00000000E+00 0.00000000E+00 0.00000000E+00
 -0.24420019E+03  0.56195352E+01  0.35786807E+02  0.00000000E+00  0.00000000E+00  0.00000000E+00  0.30000000E+04    3.0
 0.00000000E+00  0.0 0.00000000E+00  0.0 0.00000000E+00  0.0 0.00000000E+00 0.00000000E+00 0.00000000E+00 0.00000000E+00
36NaFeO2
G1  1.000  1.000001  110.83  USERBASE
 -2.39200000E+03  0.00000000E+00  0.00000000E+00  0.00000000E+00  0.00000000E+00  0.00000000E+00  0.00000000E+00
  0.00000000E+00  0.00000000E+00    3.0000    4.0000    0.0000    0.0000
 -0.13173107E+03  0.30461184E+02  0.25462936E+02  0.52420055E+01 -0.76365530E+01 -0.16834967E+01  0.14050000E+04    0.0
 0.62813952E+08 -3.0 0.00000000E+00  0.0 0.00000000E+00  0.0 0.00000000E+00 0.00000000E+00 0.00000000E+00 0.00000000E+00
 -0.13366561E+03  0.27043643E+02  0.30049935E+02  0.00000000E+00 -0.66645525E+01  0.00000000E+00  0.15000000E+04    0.0
 0.62813952E+08 -3.0 0.00000000E+00  0.0 0.00000000E+00  0.0 0.00000000E+00 0.00000000E+00 0.00000000E+00 0.00000000E+00
 -0.13366561E+03  0.27043643E+02  0.30049935E+02  0.00000000E+00 -0.66645525E+01  0.00000000E+00  0.60000000E+04    0.0
 0.62813952E+08 -3.0 0.00000000E+00  0.0 0.00000000E+00  0.0 0.00000000E+00 0.00000000E+00 0.00000000E+00 0.00000000E+00
37KFeO2
G1  1.000  1.000001  126.94  USERBASE
 -3.00000000E+03  0.00000000E+00  0.00000000E+00  0.00000000E+00  0.00000000E+00  0.00000000E+00  0.00000000E+00
  0.00000000E+00  0.00000000E+00    3.0000    4.0000    0.0000    0.0000
 -0.12906560E+03  0.31481317E+02  0.26625819E+02  0.20489962E+01 -0.73715793E+01  0.00000000E+00  0.10130000E+04    0.0
 0.62813952E+08 -3.0 0.00000000E+00  0.0 0.00000000E+00  0.0 0.00000000E+00 0.00000000E+00 0.00000000E+00 0.00000000E+00
 -0.13092546E+03  0.28044073E+02  0.30336742E+02  0.00000000E+00 -0.66645525E+01  0.00000000E+00  0.13000000E+04    0.0
 0.62813952E+08 -3.0 0.00000000E+00  0.0 0.00000000E+00  0.0 0.00000000E+00 0.00000000E+00 0.00000000E+00 0.00000000E+00
 -0.13092546E+03  0.28044073E+02  0.30336742E+02  0.00000000E+00 -0.66645525E+01  0.00000000E+00  0.60000000E+04    0.0
 0.62813952E+08 -3.0 0.00000000E+00  0.0 0.00000000E+00  0.0 0.00000000E+00 0.00000000E+00 0.00000000E+00 0.00000000E+00
38Na10B40O65
G1  2.000  1.000001 1702.30  USERBASE
 -5.70862000E+04  0.00000000E+00  0.00000000E+00  0.00000000E+00  0.00000000E+00  0.00000000E+00  0.00000000E+00
  0.00000000E+00  0.00000000E+00    3.0000    4.0000    0.0000    0.0000
 -0.63909162E+04  0.56081910E+03  0.10180900E+04  0.52420055E+02 -0.97200050E+01 -0.16834967E+02  0.72300000E+03    0.0
-0.11601221E+05 -0.5 0.85606496E+09 -3.0 0.00000000E+00  0.0 0.00000000E+00 0.00000000E+00 0.00000000E+00 0.00000000E+00
 -0.64746553E+04  0.37253436E+03  0.69913002E+03  0.52420055E+02 -0.97200050E+01 -0.16834967E+02  0.14050000E+04    0.0
 0.00000000E+00  0.0 0.00000000E+00  0.0 0.00000000E+00  0.0 0.00000000E+00 0.00000000E+00 0.00000000E+00 0.00000000E+00
 -0.64940006E+04  0.33835895E+03  0.74500000E+03  0.00000000E+00  0.00000000E+00  0.00000000E+00  0.15000000E+04    0.0
 0.00000000E+00  0.0 0.00000000E+00  0.0 0.00000000E+00  0.0 0.00000000E+00 0.00000000E+00 0.00000000E+00 0.00000000E+00
 -0.64940006E+04  0.33835895E+03  0.74500000E+03  0.00000000E+00  0.00000000E+00  0.00000000E+00  0.20000000E+04    0.0
 0.00000000E+00  0.0 0.00000000E+00  0.0 0.00000000E+00  0.0 0.00000000E+00 0.00000000E+00 0.00000000E+00 0.00000000E+00
39K10B40O65
G1  2.000  1.000001 1863.38  USERBASE
 -5.50862000E+04  0.00000000E+00  0.00000000E+00  0.00000000E+00  0.00000000E+00  0.00000000E+00  0.00000000E+00
  0.00000000E+00  0.00000000E+00    3.0000    4.0000    0.0000    0.0000
 -0.63642614E+04  0.57102043E+03  0.10297188E+04  0.20489962E+02 -0.70702675E+01  0.00000000E+00  0.72300000E+03    0.0
-0.11601221E+05 -0.5 0.85606496E+09 -3.0 0.00000000E+00  0.0 0.00000000E+00 0.00000000E+00 0.00000000E+00 0.00000000E+00
 -0.64480005E+04  0.38273569E+03  0.71075885E+03  0.20489962E+02 -0.70702675E+01  0.00000000E+00  0.10130000E+04    0.0
 0.00000000E+00  0.0 0.00000000E+00  0.0 0.00000000E+00  0.0 0.00000000E+00 0.00000000E+00 0.00000000E+00 0.00000000E+00
 -0.64665991E+04  0.34836326E+03  0.74786807E+03  0.00000000E+00  0.00000000E+00  0.00000000E+00  0.13000000E+04    0.0
 0.00000000E+00  0.0 0.00000000E+00  0.0 0.00000000E+00  0.0 0.00000000E+00 0.00000000E+00 0.00000000E+00 0.00000000E+00
 -0.64665991E+04  0.34836326E+03  0.74786807E+03  0.00000000E+00  0.00000000E+00  0.00000000E+00  0.20000000E+04    0.0
 0.00000000E+00  0.0 0.00000000E+00  0.0 0.00000000E+00  0.0 0.00000000E+00 0.00000000E+00 0.00000000E+00 0.00000000E+00
40Na10B20O35
G1  1.000  1.000001 1006.10  USERBASE
  8.61039600E+04  0.00000000E+00  0.00000000E+00  0.00000000E+00  0.00000000E+00  0.00000000E+00  0.00000000E+00
  0.00000000E+00  0.00000000E+00    3.0000    4.0000    0.0000    0.0000
 -0.34085333E+04  0.35230276E+03  0.54861002E+03  0.52420055E+02 -0.97200050E+01 -0.16834967E+02  0.72300000E+03    0.0
-0.58006104E+04 -0.5 0.42803248E+09 -3.0 0.00000000E+00  0.0 0.00000000E+00 0.00000000E+00 0.00000000E+00 0.00000000E+00
 -0.34504029E+04  0.25816039E+03  0.38913002E+03  0.52420055E+02 -0.97200050E+01 -0.16834967E+02  0.14050000E+04    0.0
 0.00000000E+00  0.0 0.00000000E+00  0.0 0.00000000E+00  0.0 0.00000000E+00 0.00000000E+00 0.00000000E+00 0.00000000E+00
 -0.34697482E+04  0.22398498E+03  0.43500000E+03  0.00000000E+00  0.00000000E+00  0.00000000E+00  0.15000000E+04    0.0
 0.00000000E+00  0.0 0.00000000E+00  0.0 0.00000000E+00  0.0 0.00000000E+00 0.00000000E+00 0.00000000E+00 0.00000000E+00
 -0.34697482E+04  0.22398498E+03  0.43500000E+03  0.00000000E+00  0.00000000E+00  0.00000000E+00  0.20000000E+04    0.0
 0.00000000E+00  0.0 0.00000000E+00  0.0 0.00000000E+00  0.0 0.00000000E+00 0.00000000E+00 0.00000000E+00 0.00000000E+00
41K10B20O35
G1  1.000  1.000001 1167.18  USERBASE
  9.68808300E+04  0.00000000E+00  0.00000000E+00  0.00000000E+00  0.00000000E+00  0.00000000E+00  0.00000000E+00
  0.00000000E+00  0.00000000E+00    3.0000    4.0000    0.0000    0.0000
 -0.33818786E+04  0.36250409E+03  0.56023884E+03  0.20489962E+02 -0.70702675E+01  0.00000000E+00  0.72300000E+03    0.0
-0.58006104E+04 -0.5 0.42803248E+09 -3.0 0.00000000E+00  0.0 0.00000000E+00 0.00000000E+00 0.00000000E+00 0.00000000E+00
 -0.34237481E+04  0.26836172E+03  0.40075885E+03  0.20489962E+02 -0.70702675E+01  0.00000000E+00  0.10130000E+04    0.0
 0.00000000E+00  0.0 0.00000000E+00  0.0 0.00000000E+00  0.0 0.00000000E+00 0.00000000E+00 0.00000000E+00 0.00000000E+00
 -0.34423467E+04  0.23398928E+03  0.43786807E+03  0.00000000E+00  0.00000000E+00  0.00000000E+00  0.13000000E+04    0.0
 0.00000000E+00  0.0 0.00000000E+00  0.0 0.00000000E+00  0.0 0.00000000E+00 0.00000000E+00 0.00000000E+00 0.00000000E+00
 -0.34423467E+04  0.23398928E+03  0.43786807E+03  0.00000000E+00  0.00000000E+00  0.00000000E+00  0.20000000E+04    0.0
 0.00000000E+00  0.0 0.00000000E+00  0.0 0.00000000E+00  0.0 0.00000000E+00 0.00000000E+00 0.00000000E+00 0.00000000E+0
42Ca1B2O4
G1  1.000  1.000001  125.70  USERBASE
  3.25232500E+04  0.00000000E+00  0.00000000E+00  0.00000000E+00  0.00000000E+00  0.00000000E+00  0.00000000E+00
  0.00000000E+00  0.00000000E+00    3.0000    4.0000    0.0000    0.0000
 -0.43102844E+03  0.36552102E+02  0.60999427E+02  0.00000000E+00 -0.27417447E+01  0.00000000E+00  0.72300000E+03    0.0
-0.61206486E+03 -0.5 0.67415769E+08 -3.0 0.00000000E+00  0.0 0.00000000E+00 0.00000000E+00 0.00000000E+00 0.00000000E+00
 -0.43521539E+03  0.27137865E+02  0.45051427E+02  0.00000000E+00 -0.27417447E+01  0.00000000E+00  0.20000000E+04    0.0
-0.32003824E+02 -0.5 0.24612521E+08 -3.0 0.00000000E+00  0.0 0.00000000E+00 0.00000000E+00 0.00000000E+00 0.00000000E+00
 -0.43521539E+03  0.27137865E+02  0.45051427E+02  0.00000000E+00 -0.27417447E+01  0.00000000E+00  0.28451600E+04    0.0
-0.32003824E+02 -0.5 0.24612521E+08 -3.0 0.00000000E+00  0.0 0.00000000E+00 0.00000000E+00 0.00000000E+00 0.00000000E+00
 -0.44062667E+03  0.21275133E+02  0.46000000E+02  0.00000000E+00  0.00000000E+00  0.00000000E+00  0.35000000E+04    0.0
 0.00000000E+00  0.0 0.00000000E+00  0.0 0.00000000E+00  0.0 0.00000000E+00 0.00000000E+00 0.00000000E+00 0.00000000E+00
43Pb10B40O70
G1  1.000  1.000001 3624.40  USERBASE
  6.07154850E+04  0.00000000E+00  0.00000000E+00  0.00000000E+00  0.00000000E+00  0.00000000E+00  0.00000000E+00
  0.00000000E+00  0.00000000E+00    3.0000    4.0000    0.0000    0.0000
 -0.64249464E+04  0.63385881E+03  0.10528200E+04  0.29290000E+02  0.00000000E+00  0.00000000E+00  0.72300000E+03    0.0
-0.11758375E+05 -0.5 0.74720737E+09 -3.0 0.00000000E+00  0.0 0.00000000E+00 0.00000000E+00 0.00000000E+00 0.00000000E+00
 -0.65086855E+04  0.44557407E+03  0.73386000E+03  0.29290000E+02  0.00000000E+00  0.00000000E+00  0.11590000E+04    0.0
-0.10885759E+09 -3.0-0.15715407E+03 -0.5 0.00000000E+00  0.0 0.00000000E+00 0.00000000E+00 0.00000000E+00 0.00000000E+00
 -0.65318766E+04  0.40414052E+03  0.77535000E+03  0.00000000E+00  0.00000000E+00  0.00000000E+00  0.20000000E+04    0.0
 0.00000000E+00  0.0 0.00000000E+00  0.0 0.00000000E+00  0.0 0.00000000E+00 0.00000000E+00 0.00000000E+00 0.00000000E+00
44Mg1B2O4
G1  1.000  1.000001  109.92  USERBASE
  9.46300000E+03  0.00000000E+00  0.00000000E+00  0.00000000E+00  0.00000000E+00  0.00000000E+00  0.00000000E+00
  0.00000000E+00  0.00000000E+00    3.0000    4.0000    0.0000    0.0000
 -0.42857887E+03  0.27305755E+02  0.64346557E+02 -0.75100000E+00  0.12494063E+01  0.00000000E+00  0.72300000E+03    0.0
-0.65085430E+03 -0.5 0.44200144E+08 -3.0 0.00000000E+00  0.0 0.00000000E+00 0.00000000E+00 0.00000000E+00 0.00000000E+00
 -0.43276582E+03  0.17891518E+02  0.48398557E+02 -0.75100000E+00  0.12494063E+01  0.00000000E+00  0.20000000E+04    0.0
-0.70793260E+02 -0.5 0.13968958E+07 -3.0 0.00000000E+00  0.0 0.00000000E+00 0.00000000E+00 0.00000000E+00 0.00000000E+00
 -0.43276582E+03  0.17891518E+02  0.48398557E+02 -0.75100000E+00  0.12494063E+01  0.00000000E+00  0.30979100E+04    0.0
-0.70793260E+02 -0.5 0.13968958E+07 -3.0 0.00000000E+00  0.0 0.00000000E+00 0.00000000E+00 0.00000000E+00 0.00000000E+00
 -0.43746977E+03  0.14120563E+02  0.47000000E+02  0.00000000E+00  0.00000000E+00  0.00000000E+00  0.35000000E+04    0.0
 0.00000000E+00  0.0 0.00000000E+00  0.0 0.00000000E+00  0.0 0.00000000E+00 0.00000000E+00 0.00000000E+00 0.00000000E+00
45Zn1B4O7
G1  1.000  1.000001  220.62  USERBASE
  1.83287500E+04  0.00000000E+00  0.00000000E+00  0.00000000E+00  0.00000000E+00  0.00000000E+00  0.00000000E+00
  0.00000000E+00  0.00000000E+00    3.0000    4.0000    0.0000    0.0000
 -0.66723852E+03  0.57916222E+02  0.10542600E+03  0.16240000E+01  0.00000000E+00  0.00000000E+00  0.72300000E+03    0.0
 0.60805264E+08 -3.0-0.11820024E+04 -0.5 0.00000000E+00  0.0 0.00000000E+00 0.00000000E+00 0.00000000E+00 0.00000000E+00
 -0.67561243E+03  0.39087748E+02  0.73530000E+02  0.16240000E+01  0.00000000E+00  0.00000000E+00  0.20000000E+04    0.0
-0.24801232E+08 -3.0-0.21880356E+02 -0.5 0.00000000E+00  0.0 0.00000000E+00 0.00000000E+00 0.00000000E+00 0.00000000E+00
 -0.67561243E+03  0.39087748E+02  0.73530000E+02  0.16240000E+01  0.00000000E+00  0.00000000E+00  0.22480000E+04    0.0
-0.24801232E+08 -3.0-0.21880356E+02 -0.5 0.00000000E+00  0.0 0.00000000E+00 0.00000000E+00 0.00000000E+00 0.00000000E+00
 -0.67882848E+03  0.34331732E+02  0.76500000E+02  0.00000000E+00  0.00000000E+00  0.00000000E+00  0.25000000E+04    0.0
 0.00000000E+00  0.0 0.00000000E+00  0.0 0.00000000E+00  0.0 0.00000000E+00 0.00000000E+00 0.00000000E+00 0.00000000E+00
46K5F5B20O30
G1  1.000  1.000001  986.69  USERBASE
 -3.01500000E+04  0.00000000E+00  0.00000000E+00  0.00000000E+00  0.00000000E+00  0.00000000E+00  0.00000000E+00
  0.00000000E+00  0.00000000E+00    3.0000    4.0000    0.0000    0.0000
 -0.36372330E+04  0.29894451E+03  0.54948000E+03  0.00000000E+00  0.00000000E+00  0.00000000E+00  0.72300000E+03    0.0
-0.58006104E+04 -0.5 0.42803248E+09 -3.0 0.00000000E+00  0.0 0.00000000E+00 0.00000000E+00 0.00000000E+00 0.00000000E+00
 -0.36791026E+04  0.20480214E+03  0.39000000E+03  0.00000000E+00  0.00000000E+00  0.00000000E+00  0.20000000E+04    0.0
 0.00000000E+00  0.0 0.00000000E+00  0.0 0.00000000E+00  0.0 0.00000000E+00 0.00000000E+00 0.00000000E+00 0.00000000E+00
47Na5F5B20O30
G1  1.000  1.000001  906.14  USERBASE
 -4.26500000E+04  0.00000000E+00  0.00000000E+00  0.00000000E+00  0.00000000E+00  0.00000000E+00  0.00000000E+00
  0.00000000E+00  0.00000000E+00    3.0000    4.0000    0.0000    0.0000
 -0.36477561E+04  0.26965115E+03  0.55381000E+03  0.00000000E+00  0.00000000E+00  0.00000000E+00  0.72300000E+03    0.0
-0.58006104E+04 -0.5 0.42803248E+09 -3.0 0.00000000E+00  0.0 0.00000000E+00 0.00000000E+00 0.00000000E+00 0.00000000E+00
 -0.36896257E+04  0.17550878E+03  0.39433000E+03  0.00000000E+00  0.00000000E+00  0.00000000E+00  0.20000000E+04    0.0
 0.00000000E+00  0.0 0.00000000E+00  0.0 0.00000000E+00  0.0 0.00000000E+00 0.00000000E+00 0.00000000E+00 0.00000000E+00
 -0.36896257E+04  0.17550878E+03  0.39433000E+03  0.00000000E+00  0.00000000E+00  0.00000000E+00  0.25000000E+04    0.0
 0.00000000E+00  0.0 0.00000000E+00  0.0 0.00000000E+00  0.0 0.00000000E+00 0.00000000E+00 0.00000000E+00 0.00000000E+00
ENDF    1 
